vertices: 742
edges: 1196
(0,1)
(1,2)
(0,2)
(3,4)
(3,5)
(4,6)
(5,6)
(3,7)
(7,8)
(4,9)
(8,9)
(10,11)
(12,13)
(10,13)
(11,14)
(12,14)
(15,16)
(16,16)
(15,17)
(18,19)
(17,20)
(19,20)
(16,21)
(18,21)
(22,23)
(23,24)
(24,25)
(26,27)
(27,28)
(28,29)
(22,29)
(25,30)
(26,30)
(0,31)
(31,32)
(1,33)
(33,34)
(32,35)
(34,35)
(36,37)
(36,38)
(37,38)
(4,39)
(39,40)
(39,40)
(4,41)
(41,42)
(40,42)
(43,44)
(4,45)
(45,46)
(47,48)
(47,49)
(46,49)
(48,50)
(43,50)
(44,51)
(45,51)
(11,52)
(52,53)
(44,53)
(52,54)
(48,54)
(48,55)
(50,55)
(43,55)
(15,56)
(17,56)
(57,58)
(16,58)
(57,59)
(59,60)
(56,60)
(61,62)
(63,64)
(61,64)
(4,64)
(63,65)
(65,66)
(62,67)
(66,68)
(67,68)
(61,69)
(69,70)
(70,71)
(62,71)
(40,72)
(72,73)
(4,73)
(74,75)
(74,76)
(76,77)
(75,78)
(78,79)
(79,80)
(80,81)
(77,81)
(80,82)
(82,83)
(83,84)
(84,85)
(82,85)
(74,86)
(86,87)
(87,88)
(88,89)
(75,89)
(76,90)
(86,91)
(91,92)
(92,93)
(93,94)
(90,94)
(95,96)
(97,98)
(95,98)
(78,98)
(97,99)
(96,99)
(95,100)
(100,101)
(96,101)
(77,102)
(102,103)
(103,104)
(90,105)
(104,105)
(87,106)
(106,107)
(101,107)
(100,108)
(106,108)
(109,110)
(107,110)
(4,111)
(111,112)
(112,113)
(91,114)
(113,114)
(4,115)
(115,116)
(109,116)
(79,117)
(83,117)
(97,117)
(118,119)
(119,120)
(120,121)
(118,121)
(122,123)
(123,123)
(123,124)
(122,125)
(124,125)
(119,126)
(126,127)
(118,128)
(125,128)
(128,129)
(129,130)
(127,130)
(95,131)
(108,131)
(99,132)
(84,132)
(132,133)
(101,133)
(85,134)
(134,135)
(110,135)
(133,135)
(103,136)
(134,136)
(136,137)
(81,137)
(102,137)
(4,138)
(4,138)
(4,138)
(4,139)
(4,140)
(124,140)
(139,141)
(123,141)
(123,142)
(140,142)
(89,143)
(98,143)
(143,144)
(131,144)
(88,144)
(104,145)
(109,146)
(145,146)
(10,147)
(53,148)
(147,148)
(23,149)
(22,150)
(149,151)
(8,151)
(150,152)
(151,152)
(5,153)
(153,154)
(155,156)
(155,157)
(156,158)
(7,158)
(149,158)
(157,159)
(37,159)
(154,160)
(159,160)
(38,160)
(161,162)
(13,162)
(161,163)
(163,164)
(12,164)
(24,165)
(158,165)
(165,166)
(166,167)
(167,168)
(25,169)
(168,169)
(2,170)
(31,170)
(170,171)
(27,172)
(171,172)
(172,173)
(32,173)
(162,174)
(147,174)
(153,174)
(161,175)
(154,175)
(54,176)
(176,177)
(14,178)
(177,178)
(179,180)
(179,181)
(171,181)
(180,182)
(182,183)
(181,183)
(179,184)
(184,185)
(180,185)
(184,186)
(2,187)
(187,188)
(186,188)
(167,189)
(166,190)
(190,191)
(191,192)
(189,192)
(173,193)
(26,194)
(193,194)
(167,195)
(168,195)
(189,196)
(196,197)
(195,197)
(34,197)
(4,198)
(198,199)
(199,200)
(46,200)
(199,201)
(201,202)
(198,202)
(203,204)
(203,205)
(4,205)
(139,206)
(206,207)
(204,207)
(57,208)
(208,208)
(58,208)
(208,209)
(209,210)
(211,212)
(209,213)
(210,214)
(213,215)
(212,215)
(214,216)
(216,217)
(216,217)
(217,218)
(211,218)
(59,219)
(210,219)
(220,221)
(221,222)
(222,223)
(220,223)
(220,224)
(224,225)
(225,226)
(221,226)
(222,227)
(227,228)
(221,228)
(229,230)
(227,230)
(230,231)
(231,232)
(229,232)
(229,233)
(233,234)
(230,234)
(222,234)
(234,235)
(223,235)
(235,236)
(233,236)
(227,237)
(231,237)
(238,239)
(239,240)
(240,241)
(238,242)
(241,242)
(243,244)
(244,245)
(246,247)
(243,247)
(246,248)
(248,249)
(245,249)
(244,250)
(243,250)
(251,252)
(245,253)
(252,253)
(251,254)
(250,254)
(236,255)
(255,256)
(235,256)
(238,256)
(243,257)
(257,258)
(255,258)
(255,259)
(257,259)
(254,259)
(260,261)
(260,262)
(251,262)
(261,263)
(252,263)
(264,265)
(264,266)
(265,267)
(266,267)
(268,269)
(269,270)
(270,271)
(271,272)
(268,272)
(229,273)
(273,274)
(233,274)
(275,276)
(228,277)
(237,277)
(276,277)
(277,278)
(182,279)
(279,280)
(275,280)
(178,280)
(279,281)
(278,281)
(282,283)
(273,283)
(282,284)
(283,285)
(284,286)
(285,286)
(287,288)
(288,289)
(287,290)
(289,290)
(291,292)
(276,292)
(276,293)
(291,293)
(288,294)
(291,295)
(294,295)
(292,296)
(232,296)
(287,296)
(294,297)
(289,297)
(298,299)
(47,299)
(297,300)
(294,301)
(298,301)
(299,302)
(302,303)
(300,303)
(304,305)
(176,306)
(305,306)
(304,307)
(298,307)
(293,308)
(304,308)
(305,309)
(275,309)
(310,311)
(310,312)
(311,313)
(313,314)
(314,315)
(312,315)
(256,316)
(239,316)
(258,316)
(317,318)
(318,319)
(19,319)
(317,320)
(18,320)
(321,322)
(123,322)
(321,323)
(322,324)
(324,325)
(323,326)
(326,327)
(325,327)
(123,328)
(321,328)
(328,329)
(323,329)
(123,330)
(331,332)
(330,332)
(329,333)
(326,333)
(333,334)
(331,334)
(327,334)
(259,335)
(274,335)
(236,335)
(335,336)
(254,336)
(240,337)
(337,338)
(241,339)
(28,339)
(28,340)
(338,341)
(340,341)
(337,342)
(342,343)
(29,343)
(344,345)
(343,345)
(344,346)
(258,346)
(346,347)
(316,347)
(240,347)
(274,348)
(336,348)
(348,349)
(349,350)
(336,350)
(262,350)
(342,351)
(340,351)
(338,352)
(341,352)
(351,352)
(220,353)
(242,353)
(353,354)
(238,354)
(223,354)
(224,355)
(353,355)
(355,356)
(224,356)
(182,356)
(260,357)
(357,358)
(357,359)
(261,359)
(264,360)
(359,360)
(265,361)
(358,362)
(361,362)
(282,363)
(283,364)
(348,364)
(363,364)
(247,365)
(344,365)
(246,366)
(365,366)
(242,367)
(183,367)
(339,367)
(278,368)
(226,368)
(228,368)
(295,369)
(301,369)
(307,369)
(308,369)
(300,370)
(289,370)
(365,371)
(345,371)
(363,372)
(349,372)
(262,372)
(372,373)
(284,373)
(374,375)
(374,376)
(375,377)
(376,378)
(377,378)
(374,379)
(379,380)
(380,381)
(375,381)
(362,381)
(382,383)
(380,383)
(379,384)
(382,384)
(383,385)
(385,386)
(382,387)
(386,387)
(310,388)
(311,388)
(389,390)
(214,390)
(391,392)
(389,392)
(211,392)
(391,393)
(390,393)
(390,393)
(390,394)
(217,394)
(389,394)
(391,395)
(395,396)
(212,396)
(313,397)
(268,397)
(397,398)
(398,399)
(269,399)
(344,400)
(247,400)
(257,400)
(273,401)
(285,401)
(232,401)
(366,402)
(371,402)
(248,403)
(249,403)
(403,404)
(402,404)
(272,405)
(314,405)
(405,406)
(314,406)
(398,407)
(397,407)
(300,408)
(408,409)
(370,409)
(378,409)
(260,410)
(373,410)
(358,411)
(284,411)
(410,411)
(385,412)
(386,412)
(362,413)
(413,414)
(412,414)
(415,416)
(399,416)
(415,417)
(388,417)
(407,417)
(306,418)
(177,418)
(309,418)
(419,420)
(419,421)
(266,421)
(420,421)
(419,422)
(422,423)
(420,423)
(416,424)
(424,425)
(422,425)
(415,425)
(266,426)
(360,426)
(416,427)
(270,427)
(413,427)
(267,428)
(424,428)
(428,429)
(427,429)
(361,429)
(376,430)
(384,430)
(408,430)
(426,431)
(263,431)
(431,432)
(421,432)
(433,434)
(433,435)
(434,436)
(435,436)
(433,437)
(437,438)
(434,438)
(437,439)
(438,440)
(439,441)
(440,441)
(442,443)
(443,444)
(444,445)
(439,445)
(442,446)
(435,446)
(436,447)
(447,448)
(69,448)
(448,449)
(319,449)
(440,449)
(286,450)
(377,450)
(290,450)
(404,451)
(312,451)
(253,452)
(432,452)
(415,453)
(423,453)
(452,453)
(4,454)
(63,454)
(4,455)
(455,456)
(455,456)
(456,457)
(457,458)
(4,458)
(458,459)
(459,460)
(457,460)
(460,461)
(461,462)
(206,462)
(459,463)
(4,463)
(462,463)
(302,464)
(464,465)
(465,466)
(466,467)
(464,468)
(315,468)
(467,468)
(49,469)
(469,470)
(465,470)
(469,471)
(72,471)
(471,472)
(470,472)
(473,474)
(163,474)
(156,475)
(190,475)
(475,476)
(155,476)
(476,477)
(473,477)
(191,478)
(474,478)
(186,479)
(185,479)
(164,479)
(473,480)
(175,480)
(36,480)
(33,481)
(196,481)
(187,482)
(192,482)
(481,482)
(483,484)
(35,485)
(484,485)
(485,486)
(193,486)
(483,487)
(30,487)
(194,487)
(486,487)
(483,488)
(168,488)
(169,488)
(484,489)
(195,489)
(488,489)
(477,490)
(37,490)
(157,490)
(192,491)
(188,491)
(478,491)
(451,492)
(492,493)
(150,493)
(494,495)
(495,496)
(496,497)
(497,498)
(494,498)
(494,499)
(499,500)
(500,501)
(495,501)
(496,502)
(497,502)
(499,503)
(503,504)
(500,504)
(68,504)
(505,506)
(506,507)
(505,508)
(507,509)
(508,509)
(324,510)
(510,511)
(511,512)
(325,512)
(331,512)
(4,513)
(111,513)
(513,514)
(4,514)
(112,514)
(4,515)
(515,516)
(113,516)
(516,517)
(4,517)
(515,518)
(516,518)
(516,518)
(443,519)
(442,519)
(444,520)
(4,520)
(445,521)
(4,521)
(519,522)
(520,522)
(446,523)
(522,523)
(447,523)
(4,524)
(4,524)
(4,525)
(525,526)
(525,526)
(524,527)
(526,527)
(92,528)
(528,529)
(529,530)
(530,531)
(531,532)
(114,532)
(93,533)
(528,533)
(533,534)
(529,534)
(94,534)
(535,536)
(4,536)
(536,537)
(537,538)
(535,538)
(205,538)
(535,539)
(4,539)
(540,541)
(540,542)
(541,542)
(542,543)
(542,543)
(540,544)
(467,544)
(492,544)
(541,545)
(466,545)
(493,546)
(546,546)
(543,547)
(546,547)
(545,547)
(454,548)
(526,548)
(201,549)
(549,550)
(200,550)
(549,551)
(550,551)
(120,552)
(126,552)
(510,553)
(121,554)
(122,554)
(554,555)
(553,555)
(556,557)
(511,557)
(553,558)
(556,558)
(552,559)
(555,559)
(203,560)
(204,560)
(205,561)
(561,562)
(560,562)
(563,564)
(563,565)
(130,565)
(564,566)
(566,567)
(565,567)
(567,568)
(127,568)
(568,569)
(559,570)
(558,570)
(569,570)
(4,571)
(571,572)
(6,572)
(148,572)
(571,573)
(44,573)
(573,574)
(4,574)
(4,574)
(90,575)
(105,576)
(576,577)
(41,577)
(575,578)
(578,579)
(4,579)
(577,579)
(575,580)
(530,580)
(581,582)
(219,582)
(395,582)
(60,583)
(581,583)
(584,585)
(584,586)
(581,586)
(585,587)
(396,587)
(389,588)
(218,588)
(211,588)
(318,589)
(589,590)
(590,591)
(590,591)
(317,591)
(589,592)
(70,593)
(576,593)
(593,594)
(42,594)
(592,594)
(591,595)
(595,596)
(592,596)
(597,598)
(598,599)
(595,599)
(597,600)
(472,600)
(320,600)
(598,601)
(599,601)
(601,602)
(596,602)
(597,602)
(584,603)
(583,603)
(586,603)
(585,604)
(441,604)
(20,604)
(521,605)
(213,605)
(605,606)
(587,606)
(215,606)
(124,607)
(4,607)
(123,607)
(608,609)
(610,611)
(608,611)
(609,612)
(145,612)
(610,613)
(116,614)
(146,614)
(612,614)
(115,615)
(613,615)
(527,615)
(609,616)
(616,617)
(608,617)
(610,618)
(611,619)
(617,619)
(618,619)
(616,620)
(620,621)
(71,621)
(620,622)
(618,622)
(617,622)
(621,623)
(613,623)
(624,625)
(624,626)
(625,627)
(626,627)
(624,628)
(625,629)
(498,629)
(629,630)
(499,630)
(628,630)
(501,631)
(631,632)
(67,632)
(500,632)
(628,633)
(626,633)
(65,634)
(634,635)
(548,635)
(636,637)
(502,637)
(627,637)
(634,638)
(636,638)
(631,639)
(635,639)
(623,639)
(636,640)
(640,641)
(627,641)
(633,641)
(638,642)
(66,643)
(643,644)
(644,645)
(642,645)
(640,646)
(642,646)
(562,647)
(647,648)
(537,648)
(647,649)
(4,649)
(648,649)
(561,650)
(648,650)
(561,650)
(141,651)
(455,651)
(461,651)
(207,652)
(204,652)
(4,653)
(652,653)
(123,654)
(123,655)
(655,656)
(654,656)
(123,657)
(654,658)
(657,658)
(123,659)
(659,660)
(657,660)
(661,662)
(142,662)
(655,663)
(664,665)
(661,665)
(663,666)
(664,666)
(667,668)
(668,669)
(667,670)
(669,670)
(551,671)
(73,671)
(539,671)
(202,671)
(672,673)
(672,674)
(673,675)
(674,675)
(4,675)
(672,676)
(676,677)
(677,678)
(673,678)
(578,678)
(4,679)
(21,679)
(546,679)
(506,680)
(680,681)
(662,681)
(680,682)
(682,683)
(683,684)
(661,684)
(330,685)
(685,686)
(682,686)
(686,687)
(123,687)
(683,687)
(505,688)
(681,688)
(506,689)
(332,689)
(685,689)
(507,690)
(690,691)
(557,691)
(331,691)
(508,692)
(563,692)
(692,693)
(688,693)
(129,693)
(509,694)
(564,694)
(690,694)
(690,695)
(556,695)
(566,696)
(569,696)
(695,696)
(123,697)
(684,697)
(4,698)
(152,698)
(9,698)
(4,699)
(700,701)
(647,701)
(653,701)
(699,702)
(702,703)
(700,704)
(703,704)
(704,705)
(704,705)
(4,706)
(706,707)
(699,707)
(702,707)
(706,708)
(700,708)
(708,709)
(703,709)
(705,709)
(628,710)
(710,711)
(646,711)
(517,712)
(674,712)
(712,713)
(676,713)
(580,714)
(677,714)
(531,715)
(532,716)
(715,717)
(717,718)
(716,718)
(715,719)
(714,719)
(713,720)
(714,720)
(716,721)
(720,721)
(717,722)
(718,723)
(721,723)
(722,723)
(719,724)
(722,724)
(721,724)
(503,725)
(643,725)
(710,725)
(644,726)
(645,726)
(711,726)
(51,727)
(4,727)
(4,728)
(4,728)
(727,728)
(406,729)
(271,730)
(729,730)
(414,730)
(303,731)
(387,731)
(729,731)
(281,732)
(356,732)
(225,732)
(123,733)
(697,733)
(656,734)
(663,734)
(659,735)
(665,735)
(733,735)
(658,736)
(667,736)
(736,737)
(734,737)
(660,738)
(738,739)
(670,739)
(664,739)
(668,740)
(669,740)
(738,740)
(737,741)
(666,741)
(670,741)
