vertices: 878
edges: 2378
(0,3)
(0,838)
(0,46)
(0,48)
(1,2)
(1,47)
(48,1)
(1,841)
(1,837)
(1,839)
(2,47)
(2,846)
(2,413)
(2,839)
(3,48)
(48,837)
(3,837)
(3,838)
(5,4)
(4,176)
(4,367)
(4,675)
(4,779)
(4,790)
(4,791)
(5,176)
(5,6)
(5,177)
(165,5)
(5,166)
(5,776)
(5,779)
(6,176)
(6,177)
(7,403)
(7,404)
(7,405)
(7,407)
(7,408)
(8,9)
(8,188)
(238,8)
(8,617)
(8,240)
(8,606)
(9,188)
(9,606)
(9,871)
(11,10)
(10,13)
(10,14)
(10,15)
(11,14)
(12,11)
(11,13)
(11,780)
(11,197)
(11,474)
(12,14)
(15,14)
(12,15)
(12,107)
(12,216)
(12,780)
(13,15)
(13,424)
(13,474)
(13,497)
(13,734)
(15,107)
(15,424)
(15,758)
(27,16)
(16,615)
(16,616)
(16,620)
(16,870)
(17,18)
(17,19)
(17,237)
(17,620)
(870,620)
(17,856)
(17,870)
(18,19)
(18,604)
(18,856)
(18,863)
(18,876)
(18,877)
(19,237)
(19,864)
(19,877)
(21,20)
(408,405)
(20,35)
(20,212)
(20,834)
(21,35)
(21,186)
(35,186)
(21,80)
(21,245)
(21,331)
(21,834)
(21,573)
(21,629)
(69,22)
(22,427)
(22,219)
(22,281)
(22,282)
(22,426)
(22,447)
(22,444)
(22,446)
(23,49)
(23,692)
(23,235)
(23,377)
(23,378)
(23,737)
(24,25)
(25,802)
(24,100)
(24,802)
(26,27)
(26,105)
(26,187)
(27,187)
(27,615)
(26,875)
(26,613)
(26,615)
(26,867)
(27,105)
(856,870)
(27,870)
(27,856)
(27,863)
(27,865)
(27,866)
(30,28)
(28,135)
(28,136)
(28,142)
(28,787)
(32,135)
(29,33)
(33,280)
(29,280)
(29,134)
(29,135)
(29,624)
(695,29)
(30,32)
(30,136)
(30,279)
(30,278)
(30,683)
(31,140)
(31,239)
(31,693)
(31,412)
(31,683)
(32,683)
(32,33)
(33,412)
(32,412)
(33,134)
(33,693)
(34,62)
(34,63)
(34,238)
(619,34)
(36,44)
(36,558)
(36,592)
(36,625)
(38,37)
(38,41)
(37,39)
(37,41)
(37,201)
(38,39)
(40,38)
(39,40)
(39,201)
(39,775)
(39,346)
(39,347)
(39,587)
(39,590)
(40,775)
(40,274)
(40,556)
(40,557)
(41,79)
(41,75)
(201,41)
(42,298)
(42,626)
(42,299)
(42,304)
(42,306)
(555,42)
(43,162)
(43,241)
(43,300)
(43,303)
(43,304)
(43,322)
(43,321)
(43,542)
(44,558)
(44,562)
(558,562)
(44,591)
(592,44)
(45,357)
(493,45)
(45,495)
(45,582)
(45,601)
(602,601)
(45,602)
(46,48)
(48,841)
(46,838)
(46,841)
(842,841)
(46,842)
(46,843)
(46,844)
(46,845)
(47,842)
(842,843)
(47,843)
(47,846)
(47,848)
(49,52)
(49,311)
(49,552)
(49,376)
(49,377)
(49,532)
(49,692)
(50,196)
(50,535)
(50,528)
(50,531)
(50,536)
(52,51)
(52,552)
(51,531)
(51,534)
(51,552)
(51,553)
(51,554)
(52,532)
(52,554)
(53,525)
(53,528)
(528,536)
(53,536)
(54,59)
(60,54)
(54,352)
(54,858)
(54,857)
(54,859)
(57,55)
(55,58)
(55,105)
(55,872)
(55,873)
(351,56)
(56,435)
(56,654)
(56,862)
(56,874)
(65,57)
(57,67)
(57,105)
(57,435)
(57,611)
(57,855)
(58,61)
(58,611)
(58,865)
(865,872)
(58,872)
(59,857)
(59,224)
(59,229)
(59,858)
(59,861)
(60,352)
(60,388)
(60,863)
(863,866)
(60,866)
(388,866)
(61,388)
(61,611)
(855,611)
(61,855)
(61,865)
(61,866)
(866,865)
(62,63)
(62,857)
(857,859)
(62,859)
(62,869)
(63,238)
(236,238)
(63,644)
(63,649)
(63,857)
(64,411)
(618,64)
(64,871)
(871,606)
(618,606)
(64,860)
(64,874)
(65,66)
(65,435)
(435,66)
(65,861)
(288,65)
(65,289)
(66,289)
(66,814)
(66,862)
(388,855)
(67,855)
(388,67)
(858,352)
(388,352)
(67,858)
(861,67)
(861,858)
(68,69)
(68,386)
(386,387)
(68,387)
(802,387)
(68,490)
(68,757)
(68,802)
(69,386)
(69,444)
(69,427)
(69,490)
(70,71)
(71,506)
(70,72)
(70,506)
(70,156)
(70,428)
(70,490)
(70,757)
(71,72)
(72,794)
(71,794)
(72,92)
(72,101)
(72,757)
(73,390)
(392,393)
(73,391)
(73,393)
(73,394)
(395,73)
(74,75)
(74,79)
(74,76)
(74,77)
(75,76)
(76,79)
(75,77)
(75,78)
(75,79)
(79,80)
(75,80)
(80,245)
(75,201)
(75,245)
(75,246)
(75,483)
(76,77)
(77,78)
(76,78)
(82,81)
(81,694)
(694,695)
(81,695)
(695,697)
(81,696)
(81,697)
(82,323)
(82,325)
(82,696)
(82,695)
(82,828)
(84,83)
(83,85)
(83,519)
(83,522)
(83,698)
(84,85)
(84,86)
(84,698)
(84,772)
(84,853)
(85,86)
(85,413)
(85,258)
(85,519)
(85,523)
(86,413)
(839,413)
(86,839)
(86,853)
(87,88)
(87,92)
(87,101)
(92,101)
(88,91)
(88,89)
(88,90)
(92,88)
(89,90)
(92,90)
(92,89)
(89,91)
(89,93)
(89,100)
(91,93)
(91,101)
(93,100)
(93,102)
(95,94)
(94,678)
(94,127)
(94,673)
(126,95)
(95,367)
(95,128)
(95,678)
(95,369)
(95,673)
(96,97)
(97,98)
(96,98)
(99,96)
(96,194)
(96,447)
(96,448)
(98,785)
(96,785)
(97,191)
(97,194)
(98,104)
(98,448)
(155,99)
(99,194)
(99,426)
(426,447)
(99,447)
(100,102)
(100,802)
(101,102)
(101,757)
(102,757)
(802,102)
(802,757)
(281,446)
(103,281)
(282,281)
(103,282)
(103,449)
(103,444)
(103,446)
(446,444)
(104,386)
(386,444)
(104,444)
(104,445)
(104,448)
(351,435)
(105,435)
(105,351)
(105,409)
(105,607)
(105,875)
(105,865)
(105,873)
(865,873)
(106,107)
(123,106)
(106,132)
(106,263)
(106,574)
(106,575)
(107,132)
(107,216)
(216,217)
(107,218)
(107,574)
(575,574)
(107,575)
(107,758)
(108,109)
(108,125)
(108,203)
(109,125)
(109,149)
(109,164)
(109,541)
(109,202)
(109,203)
(110,111)
(110,112)
(404,405)
(112,405)
(110,404)
(110,623)
(110,849)
(110,850)
(110,852)
(111,112)
(111,623)
(112,133)
(112,137)
(624,134)
(112,623)
(112,624)
(146,113)
(113,116)
(113,173)
(113,174)
(113,175)
(114,170)
(114,173)
(171,114)
(114,172)
(114,174)
(114,175)
(175,174)
(116,173)
(116,115)
(115,171)
(115,173)
(171,173)
(115,207)
(115,202)
(115,205)
(115,492)
(116,146)
(116,147)
(116,207)
(118,117)
(117,122)
(117,635)
(117,638)
(117,641)
(118,120)
(635,634)
(118,635)
(121,489)
(119,121)
(119,122)
(119,489)
(119,252)
(251,119)
(119,294)
(119,633)
(120,122)
(489,122)
(120,489)
(120,634)
(121,252)
(121,436)
(121,438)
(122,633)
(122,641)
(262,123)
(123,263)
(123,316)
(123,319)
(123,575)
(758,575)
(123,758)
(123,759)
(124,681)
(682,124)
(129,125)
(125,203)
(125,164)
(125,672)
(366,126)
(126,367)
(126,539)
(126,676)
(127,363)
(127,673)
(127,677)
(127,678)
(127,679)
(128,367)
(367,675)
(128,675)
(128,678)
(679,678)
(679,128)
(129,203)
(364,129)
(129,368)
(129,672)
(129,577)
(129,578)
(130,132)
(130,165)
(165,177)
(130,177)
(130,218)
(130,256)
(130,296)
(131,132)
(218,131)
(218,132)
(132,169)
(132,263)
(134,137)
(133,137)
(133,134)
(133,139)
(133,151)
(139,151)
(133,239)
(134,239)
(239,693)
(134,693)
(135,142)
(135,697)
(136,139)
(136,279)
(136,152)
(136,786)
(136,787)
(138,139)
(139,239)
(239,140)
(239,138)
(140,138)
(138,278)
(138,279)
(278,279)
(139,141)
(139,152)
(140,278)
(278,683)
(140,683)
(141,152)
(786,141)
(786,152)
(142,697)
(142,787)
(143,144)
(258,523)
(258,143)
(143,521)
(143,523)
(143,571)
(143,572)
(144,571)
(144,154)
(144,520)
(145,146)
(146,147)
(145,147)
(145,150)
(145,277)
(150,277)
(147,277)
(150,147)
(207,147)
(148,149)
(149,541)
(148,541)
(149,150)
(150,207)
(149,202)
(149,207)
(202,207)
(154,153)
(153,155)
(153,222)
(153,547)
(153,643)
(154,155)
(155,194)
(154,571)
(154,189)
(154,194)
(154,520)
(154,547)
(155,222)
(155,426)
(156,158)
(156,159)
(506,156)
(156,428)
(156,547)
(156,546)
(156,643)
(158,547)
(158,157)
(158,159)
(157,159)
(157,517)
(157,518)
(157,520)
(157,547)
(520,547)
(157,544)
(157,545)
(157,686)
(159,544)
(544,545)
(506,159)
(159,505)
(159,686)
(159,773)
(159,774)
(161,160)
(161,260)
(260,562)
(161,562)
(161,556)
(161,682)
(161,711)
(162,327)
(162,328)
(162,334)
(162,330)
(162,542)
(164,672)
(163,164)
(541,164)
(541,163)
(163,538)
(163,539)
(163,672)
(163,676)
(165,166)
(165,167)
(169,167)
(169,165)
(169,166)
(166,168)
(169,168)
(304,322)
(166,322)
(304,166)
(166,776)
(169,263)
(169,322)
(170,173)
(173,175)
(170,175)
(171,172)
(172,513)
(171,492)
(171,513)
(176,177)
(177,296)
(176,790)
(176,232)
(176,295)
(176,296)
(179,178)
(178,710)
(178,711)
(178,733)
(179,370)
(179,733)
(179,709)
(179,710)
(179,712)
(181,180)
(180,753)
(180,754)
(180,784)
(180,787)
(181,750)
(181,753)
(181,752)
(752,787)
(181,787)
(182,183)
(182,197)
(182,198)
(182,477)
(182,325)
(325,696)
(182,696)
(182,755)
(183,198)
(183,325)
(183,829)
(416,184)
(184,419)
(184,422)
(184,627)
(184,501)
(184,503)
(184,504)
(417,185)
(185,498)
(185,499)
(185,503)
(503,504)
(185,504)
(185,507)
(185,511)
(188,605)
(188,871)
(188,610)
(188,617)
(189,190)
(189,192)
(189,193)
(189,194)
(189,571)
(571,572)
(189,572)
(189,658)
(189,659)
(189,665)
(191,192)
(190,192)
(190,191)
(191,194)
(190,193)
(194,193)
(190,194)
(192,402)
(658,192)
(195,528)
(195,529)
(195,533)
(195,530)
(535,195)
(196,531)
(196,535)
(196,550)
(196,568)
(197,474)
(197,477)
(197,751)
(754,197)
(198,474)
(198,477)
(474,477)
(198,485)
(198,829)
(200,199)
(199,723)
(199,691)
(199,707)
(199,714)
(200,714)
(701,200)
(200,703)
(200,723)
(200,763)
(201,320)
(201,775)
(201,481)
(201,483)
(202,203)
(202,206)
(202,204)
(205,202)
(205,203)
(203,206)
(203,494)
(203,578)
(204,205)
(205,206)
(206,204)
(205,492)
(205,494)
(208,212)
(208,261)
(208,276)
(209,210)
(261,213)
(261,209)
(209,213)
(209,430)
(209,214)
(209,267)
(209,433)
(210,261)
(261,276)
(210,267)
(267,433)
(210,433)
(211,432)
(452,211)
(211,454)
(211,464)
(211,798)
(212,276)
(212,834)
(213,214)
(213,430)
(214,430)
(214,431)
(213,431)
(214,266)
(214,385)
(214,680)
(215,439)
(215,440)
(215,586)
(215,719)
(215,731)
(216,218)
(216,254)
(216,780)
(216,783)
(218,254)
(218,256)
(219,426)
(219,427)
(220,221)
(220,222)
(220,427)
(220,429)
(220,642)
(221,222)
(221,642)
(222,426)
(222,427)
(426,427)
(222,642)
(222,643)
(268,223)
(223,645)
(223,648)
(223,646)
(223,651)
(224,857)
(224,225)
(224,652)
(224,228)
(224,229)
(225,226)
(225,652)
(226,227)
(225,227)
(225,857)
(227,268)
(227,652)
(268,652)
(227,649)
(649,857)
(227,857)
(228,229)
(228,396)
(228,400)
(228,399)
(652,228)
(229,400)
(229,861)
(288,861)
(233,230)
(230,791)
(230,792)
(230,793)
(232,231)
(232,790)
(231,234)
(231,767)
(232,234)
(234,767)
(294,232)
(232,295)
(232,487)
(232,767)
(232,768)
(767,768)
(233,793)
(767,233)
(767,790)
(233,790)
(233,791)
(791,790)
(235,373)
(692,235)
(236,268)
(236,646)
(236,647)
(236,650)
(238,237)
(238,619)
(237,616)
(616,620)
(237,620)
(237,619)
(237,864)
(238,240)
(238,472)
(238,616)
(238,617)
(240,479)
(240,603)
(240,618)
(240,805)
(240,820)
(241,334)
(243,241)
(241,300)
(241,302)
(241,306)
(555,306)
(241,358)
(241,357)
(241,555)
(242,383)
(242,573)
(629,573)
(629,242)
(243,334)
(354,243)
(243,358)
(243,383)
(243,384)
(243,833)
(244,245)
(244,246)
(245,246)
(245,331)
(245,333)
(246,333)
(246,482)
(246,483)
(482,484)
(247,248)
(248,251)
(247,249)
(247,251)
(247,764)
(247,789)
(249,251)
(249,256)
(249,788)
(249,789)
(254,250)
(256,254)
(250,255)
(250,256)
(250,789)
(251,252)
(251,764)
(251,256)
(296,295)
(296,256)
(251,294)
(251,295)
(254,783)
(252,254)
(254,255)
(252,255)
(252,764)
(252,436)
(252,783)
(255,764)
(253,764)
(255,253)
(253,789)
(255,789)
(256,788)
(256,789)
(789,788)
(257,286)
(257,416)
(290,257)
(257,598)
(257,292)
(257,627)
(258,337)
(258,572)
(258,413)
(258,414)
(389,259)
(259,416)
(259,658)
(259,660)
(260,711)
(348,260)
(260,349)
(262,263)
(264,262)
(262,319)
(262,481)
(262,769)
(262,770)
(263,769)
(263,265)
(322,263)
(322,265)
(264,265)
(264,322)
(264,481)
(264,482)
(264,543)
(264,770)
(264,771)
(265,769)
(265,771)
(266,267)
(266,799)
(266,835)
(267,276)
(267,799)
(268,645)
(268,649)
(268,646)
(646,651)
(268,651)
(270,269)
(269,564)
(269,284)
(269,797)
(269,806)
(270,271)
(270,283)
(270,806)
(271,283)
(271,563)
(271,564)
(272,371)
(371,737)
(373,737)
(272,737)
(272,372)
(272,382)
(272,728)
(715,272)
(272,722)
(556,274)
(273,274)
(274,466)
(273,275)
(273,466)
(273,469)
(466,469)
(273,556)
(556,682)
(273,681)
(682,273)
(682,681)
(274,275)
(274,318)
(274,320)
(320,775)
(274,775)
(275,318)
(681,275)
(799,276)
(276,461)
(276,834)
(282,447)
(282,449)
(283,472)
(470,283)
(283,480)
(283,565)
(283,585)
(283,795)
(283,806)
(470,284)
(284,797)
(284,563)
(563,564)
(284,564)
(470,480)
(470,285)
(285,480)
(285,821)
(286,287)
(286,416)
(286,289)
(286,740)
(287,740)
(286,598)
(286,831)
(286,832)
(288,289)
(287,289)
(287,288)
(288,400)
(287,400)
(287,389)
(287,416)
(389,416)
(289,814)
(289,831)
(290,291)
(290,292)
(290,598)
(290,599)
(291,292)
(291,293)
(291,406)
(407,291)
(292,293)
(627,292)
(293,407)
(293,627)
(293,628)
(294,295)
(295,468)
(294,467)
(294,468)
(468,467)
(294,487)
(487,636)
(294,633)
(294,640)
(298,297)
(297,303)
(297,305)
(298,303)
(298,626)
(298,304)
(298,305)
(299,626)
(299,301)
(299,302)
(299,306)
(302,306)
(300,302)
(301,626)
(302,301)
(300,303)
(303,626)
(300,626)
(303,304)
(304,305)
(303,305)
(304,555)
(304,776)
(304,777)
(307,314)
(307,315)
(307,316)
(307,317)
(307,319)
(308,524)
(308,526)
(527,308)
(308,537)
(308,551)
(309,312)
(309,524)
(309,529)
(309,530)
(529,530)
(525,310)
(528,525)
(310,528)
(310,533)
(528,533)
(326,311)
(311,485)
(311,829)
(485,829)
(311,548)
(311,552)
(312,313)
(312,524)
(312,527)
(527,524)
(312,567)
(525,312)
(529,312)
(313,527)
(313,566)
(313,567)
(314,315)
(316,314)
(315,316)
(316,319)
(315,319)
(316,317)
(316,318)
(316,512)
(316,759)
(317,318)
(319,317)
(318,319)
(318,320)
(318,512)
(681,318)
(319,320)
(319,481)
(320,481)
(321,322)
(321,542)
(322,542)
(322,543)
(323,325)
(325,829)
(323,828)
(828,830)
(323,830)
(326,548)
(324,326)
(537,324)
(324,548)
(324,698)
(324,827)
(324,828)
(326,827)
(326,828)
(828,829)
(326,829)
(327,328)
(328,334)
(327,330)
(327,329)
(327,331)
(331,333)
(329,330)
(333,329)
(330,333)
(333,482)
(330,482)
(330,542)
(331,629)
(331,332)
(331,334)
(331,335)
(332,629)
(334,332)
(332,335)
(332,336)
(334,335)
(334,336)
(335,336)
(334,383)
(629,383)
(334,629)
(337,338)
(572,337)
(413,414)
(337,414)
(337,413)
(846,413)
(337,846)
(337,847)
(338,847)
(417,338)
(338,418)
(338,572)
(572,665)
(338,659)
(338,665)
(659,665)
(684,339)
(339,705)
(339,721)
(339,717)
(339,724)
(340,597)
(340,729)
(340,688)
(717,340)
(341,586)
(586,719)
(341,589)
(341,719)
(341,729)
(442,342)
(342,583)
(342,724)
(342,725)
(342,726)
(442,726)
(343,442)
(443,343)
(343,569)
(343,726)
(343,688)
(343,718)
(344,345)
(345,719)
(344,718)
(344,719)
(344,731)
(719,731)
(718,345)
(345,441)
(345,729)
(346,347)
(347,590)
(346,587)
(346,590)
(590,587)
(348,349)
(348,476)
(348,704)
(348,711)
(349,476)
(349,742)
(350,389)
(400,389)
(350,398)
(400,350)
(351,409)
(351,654)
(351,655)
(353,354)
(353,355)
(356,360)
(353,360)
(353,356)
(353,357)
(353,765)
(353,766)
(354,355)
(354,833)
(354,358)
(354,765)
(355,833)
(359,355)
(355,360)
(359,360)
(356,357)
(357,602)
(356,602)
(357,358)
(357,766)
(357,555)
(357,582)
(358,765)
(358,766)
(765,766)
(359,833)
(836,359)
(361,701)
(361,760)
(361,702)
(361,705)
(361,725)
(363,362)
(362,516)
(362,364)
(364,368)
(362,365)
(362,674)
(363,516)
(363,679)
(363,674)
(363,677)
(364,516)
(364,577)
(365,368)
(365,369)
(365,674)
(366,367)
(791,367)
(366,539)
(791,366)
(368,369)
(672,368)
(369,672)
(369,676)
(672,676)
(369,673)
(369,674)
(370,374)
(370,733)
(370,375)
(370,380)
(370,485)
(370,709)
(734,370)
(709,734)
(371,378)
(371,382)
(371,450)
(371,478)
(371,735)
(372,373)
(373,689)
(372,689)
(372,728)
(374,375)
(374,733)
(374,736)
(485,376)
(375,376)
(375,739)
(375,379)
(485,375)
(375,380)
(375,381)
(376,377)
(376,450)
(450,735)
(376,735)
(376,739)
(735,739)
(377,378)
(377,450)
(378,450)
(379,381)
(379,485)
(485,738)
(379,738)
(380,381)
(381,738)
(380,738)
(382,478)
(684,721)
(382,721)
(684,382)
(382,733)
(383,384)
(383,573)
(384,573)
(384,456)
(384,833)
(385,451)
(385,680)
(389,398)
(389,402)
(389,658)
(658,402)
(390,391)
(390,392)
(391,392)
(652,392)
(391,395)
(396,399)
(391,399)
(652,391)
(652,399)
(393,394)
(393,401)
(394,395)
(396,395)
(394,397)
(394,401)
(396,397)
(396,400)
(402,396)
(397,401)
(402,397)
(402,401)
(398,400)
(402,398)
(400,402)
(403,404)
(403,407)
(403,843)
(843,845)
(403,844)
(845,844)
(403,845)
(404,844)
(404,840)
(849,404)
(406,407)
(406,408)
(407,408)
(407,628)
(407,843)
(848,843)
(407,848)
(409,655)
(409,410)
(605,871)
(409,871)
(605,409)
(409,607)
(654,655)
(410,655)
(410,654)
(871,410)
(411,871)
(411,874)
(654,874)
(871,654)
(415,416)
(416,501)
(415,501)
(415,660)
(415,657)
(415,664)
(417,418)
(417,499)
(417,847)
(419,417)
(417,504)
(419,504)
(418,508)
(418,659)
(418,661)
(418,662)
(418,667)
(419,422)
(419,847)
(419,848)
(847,756)
(420,421)
(420,498)
(498,511)
(420,509)
(420,511)
(421,498)
(421,501)
(421,509)
(422,627)
(627,628)
(422,628)
(848,628)
(848,422)
(424,758)
(424,423)
(423,502)
(423,425)
(423,512)
(512,759)
(423,758)
(759,758)
(423,759)
(424,497)
(424,502)
(425,502)
(425,512)
(681,512)
(425,681)
(425,682)
(425,709)
(427,429)
(427,490)
(643,428)
(429,428)
(490,428)
(429,490)
(429,642)
(642,643)
(429,643)
(432,434)
(432,836)
(432,454)
(800,458)
(432,800)
(432,801)
(801,800)
(434,801)
(434,836)
(801,836)
(436,437)
(437,438)
(436,438)
(786,787)
(438,786)
(436,783)
(436,784)
(787,784)
(436,787)
(439,440)
(439,715)
(439,730)
(439,732)
(440,586)
(440,715)
(718,688)
(718,441)
(441,688)
(441,729)
(688,729)
(442,583)
(442,688)
(717,688)
(442,717)
(443,569)
(443,570)
(443,718)
(443,727)
(444,445)
(445,448)
(444,448)
(444,449)
(447,448)
(447,449)
(448,449)
(451,453)
(451,460)
(451,680)
(452,453)
(452,454)
(458,454)
(453,458)
(452,460)
(452,464)
(455,460)
(455,835)
(455,464)
(463,455)
(455,799)
(456,457)
(463,464)
(456,573)
(456,459)
(456,462)
(456,464)
(464,798)
(456,798)
(456,833)
(457,463)
(463,799)
(457,465)
(461,834)
(461,459)
(459,462)
(459,573)
(459,834)
(573,834)
(460,680)
(680,835)
(460,835)
(461,462)
(462,465)
(461,465)
(799,465)
(799,461)
(470,472)
(472,805)
(470,563)
(470,821)
(796,470)
(470,797)
(470,803)
(470,817)
(470,804)
(470,813)
(470,809)
(470,811)
(471,807)
(471,810)
(471,814)
(814,822)
(471,825)
(471,818)
(471,822)
(598,832)
(473,598)
(598,599)
(473,599)
(600,599)
(473,600)
(473,832)
(474,485)
(474,734)
(485,734)
(475,476)
(476,704)
(475,704)
(475,743)
(475,747)
(475,748)
(476,742)
(476,743)
(478,733)
(739,478)
(479,486)
(479,820)
(479,603)
(479,810)
(810,825)
(479,824)
(479,815)
(479,825)
(480,585)
(480,821)
(480,826)
(481,482)
(482,483)
(481,483)
(482,542)
(482,543)
(542,543)
(486,810)
(486,816)
(486,819)
(486,820)
(768,637)
(768,487)
(487,637)
(487,639)
(487,638)
(487,640)
(488,489)
(634,488)
(489,634)
(490,491)
(490,757)
(757,491)
(492,493)
(513,492)
(492,494)
(492,514)
(494,514)
(493,514)
(494,493)
(493,495)
(493,513)
(513,601)
(493,601)
(494,495)
(494,578)
(495,578)
(495,582)
(496,505)
(506,496)
(506,505)
(497,502)
(502,709)
(497,709)
(498,501)
(501,503)
(498,503)
(499,507)
(499,508)
(499,510)
(500,501)
(501,664)
(508,666)
(508,500)
(508,510)
(500,509)
(500,510)
(500,663)
(500,664)
(505,744)
(505,747)
(505,773)
(509,511)
(507,511)
(507,509)
(507,510)
(509,510)
(516,577)
(515,516)
(515,577)
(515,579)
(515,777)
(515,778)
(516,679)
(516,778)
(516,779)
(517,518)
(517,520)
(520,521)
(517,521)
(517,700)
(522,518)
(518,700)
(518,566)
(518,526)
(518,549)
(521,519)
(521,700)
(519,522)
(522,700)
(519,700)
(519,523)
(519,699)
(521,523)
(523,699)
(521,699)
(522,549)
(698,522)
(524,530)
(535,530)
(524,535)
(524,551)
(525,529)
(533,529)
(525,533)
(692,532)
(525,532)
(525,536)
(525,553)
(525,567)
(525,692)
(525,718)
(718,731)
(525,731)
(525,732)
(731,732)
(526,527)
(527,566)
(526,566)
(526,537)
(526,549)
(531,534)
(531,550)
(531,536)
(531,553)
(553,536)
(532,553)
(553,554)
(532,554)
(534,550)
(552,534)
(535,551)
(535,568)
(537,548)
(548,552)
(537,549)
(698,549)
(537,698)
(537,551)
(537,552)
(551,568)
(538,539)
(538,540)
(541,540)
(541,538)
(539,540)
(791,539)
(540,791)
(791,792)
(540,792)
(546,547)
(546,643)
(547,643)
(550,552)
(550,568)
(552,568)
(555,582)
(555,579)
(555,777)
(777,579)
(556,557)
(556,560)
(556,561)
(556,632)
(561,632)
(556,562)
(556,630)
(556,631)
(557,559)
(557,560)
(559,560)
(559,591)
(559,593)
(559,594)
(560,595)
(560,596)
(562,596)
(562,625)
(562,630)
(630,631)
(562,631)
(563,565)
(563,821)
(821,826)
(563,826)
(565,585)
(565,826)
(585,826)
(566,567)
(566,686)
(566,716)
(567,716)
(567,718)
(569,570)
(569,706)
(726,569)
(570,727)
(576,570)
(570,706)
(576,584)
(576,706)
(576,588)
(576,708)
(576,716)
(576,727)
(577,578)
(577,579)
(577,580)
(577,581)
(580,581)
(578,581)
(578,580)
(578,582)
(579,580)
(582,580)
(582,579)
(583,717)
(717,724)
(583,724)
(584,588)
(763,723)
(703,763)
(584,763)
(584,703)
(706,584)
(586,589)
(586,715)
(715,722)
(586,721)
(586,722)
(721,722)
(716,708)
(588,708)
(690,588)
(588,723)
(597,729)
(589,729)
(597,589)
(717,597)
(589,717)
(589,721)
(717,721)
(591,592)
(591,593)
(592,593)
(594,593)
(592,594)
(592,625)
(595,594)
(595,596)
(595,625)
(596,625)
(812,600)
(600,808)
(600,831)
(600,832)
(832,831)
(603,618)
(618,860)
(603,824)
(603,860)
(604,856)
(863,856)
(863,604)
(605,607)
(605,608)
(605,610)
(607,608)
(608,610)
(607,609)
(607,610)
(607,612)
(609,612)
(613,609)
(609,875)
(613,875)
(609,614)
(609,622)
(610,612)
(610,617)
(610,621)
(612,621)
(612,622)
(613,614)
(615,616)
(615,613)
(613,867)
(615,867)
(613,616)
(613,653)
(614,622)
(653,614)
(653,622)
(616,617)
(621,617)
(621,653)
(616,653)
(619,864)
(619,869)
(623,624)
(624,852)
(623,852)
(638,640)
(633,640)
(633,638)
(633,641)
(638,641)
(635,637)
(637,639)
(635,638)
(635,639)
(638,639)
(644,649)
(645,649)
(644,650)
(645,647)
(647,650)
(645,650)
(646,647)
(647,648)
(646,648)
(657,656)
(656,658)
(658,659)
(656,659)
(661,659)
(656,668)
(656,669)
(657,658)
(658,660)
(657,660)
(657,664)
(657,668)
(661,662)
(661,669)
(661,671)
(662,667)
(662,671)
(663,664)
(663,666)
(667,666)
(663,667)
(667,671)
(663,671)
(664,668)
(664,670)
(664,669)
(664,671)
(669,671)
(668,669)
(668,670)
(669,670)
(673,674)
(674,677)
(673,677)
(675,679)
(679,779)
(675,779)
(682,709)
(711,682)
(687,684)
(684,733)
(684,702)
(705,702)
(684,705)
(716,686)
(685,686)
(686,774)
(685,707)
(716,685)
(685,720)
(685,774)
(687,702)
(687,704)
(711,704)
(687,711)
(687,733)
(711,733)
(687,714)
(687,720)
(689,692)
(689,728)
(690,716)
(691,690)
(690,723)
(691,723)
(691,707)
(716,707)
(691,716)
(692,728)
(692,730)
(732,730)
(732,692)
(695,828)
(698,828)
(695,851)
(695,852)
(696,697)
(697,752)
(696,752)
(696,755)
(698,772)
(851,698)
(701,703)
(701,714)
(701,760)
(701,725)
(701,762)
(702,714)
(702,760)
(702,761)
(714,761)
(714,760)
(703,706)
(703,762)
(704,720)
(704,747)
(747,773)
(704,773)
(705,724)
(705,725)
(724,725)
(706,726)
(706,762)
(707,714)
(720,714)
(720,707)
(709,710)
(709,711)
(710,711)
(709,712)
(709,713)
(710,712)
(712,713)
(710,713)
(715,728)
(715,730)
(728,730)
(716,718)
(718,727)
(716,727)
(720,773)
(774,773)
(774,720)
(725,726)
(725,762)
(726,762)
(733,736)
(739,733)
(739,736)
(741,745)
(743,741)
(741,749)
(743,748)
(742,743)
(742,746)
(743,745)
(743,746)
(745,746)
(744,747)
(744,749)
(747,748)
(749,748)
(747,749)
(750,752)
(752,755)
(750,753)
(753,754)
(750,754)
(750,755)
(751,754)
(751,755)
(754,755)
(754,780)
(754,784)
(767,792)
(792,793)
(767,793)
(769,770)
(769,771)
(770,771)
(772,851)
(772,853)
(772,854)
(776,777)
(777,778)
(776,778)
(776,779)
(779,778)
(780,783)
(780,781)
(780,784)
(783,781)
(781,782)
(784,781)
(782,783)
(784,782)
(783,784)
(795,806)
(795,812)
(795,813)
(796,811)
(807,796)
(796,817)
(797,806)
(806,813)
(797,813)
(798,833)
(836,833)
(836,798)
(803,805)
(803,807)
(803,809)
(809,811)
(807,811)
(804,807)
(807,817)
(804,817)
(804,813)
(814,804)
(805,807)
(816,819)
(805,819)
(819,820)
(805,820)
(807,810)
(810,816)
(807,816)
(808,812)
(808,813)
(812,813)
(808,814)
(831,808)
(814,831)
(815,824)
(825,815)
(818,822)
(822,862)
(818,823)
(874,860)
(818,862)
(874,862)
(874,818)
(825,824)
(825,823)
(824,823)
(823,860)
(824,860)
(837,838)
(837,839)
(837,854)
(849,840)
(838,840)
(838,844)
(844,840)
(838,849)
(850,849)
(838,850)
(838,854)
(839,853)
(839,854)
(853,854)
(846,847)
(847,848)
(846,848)
(851,854)
(850,854)
(850,851)
(852,850)
(852,851)
(859,863)
(863,876)
(859,868)
(859,876)
(864,869)
(864,877)
(868,869)
(869,877)
(868,876)
(868,877)
(876,877)
