vertices: 869
edges: 1420
(0,1)
(0,2)
(1,3)
(2,3)
(4,5)
(4,5)
(6,7)
(4,7)
(5,8)
(8,9)
(6,9)
(10,11)
(12,13)
(13,14)
(10,14)
(12,15)
(11,16)
(16,17)
(15,17)
(0,18)
(18,19)
(1,19)
(20,21)
(22,23)
(21,24)
(22,24)
(20,25)
(25,26)
(23,26)
(21,27)
(21,27)
(27,28)
(28,28)
(28,28)
(28,28)
(28,28)
(28,28)
(28,28)
(20,28)
(22,29)
(23,30)
(30,31)
(29,31)
(24,32)
(28,32)
(32,33)
(33,34)
(34,35)
(29,35)
(36,37)
(37,38)
(36,38)
(36,39)
(18,39)
(36,40)
(40,41)
(41,42)
(39,42)
(37,43)
(2,43)
(18,43)
(44,45)
(38,45)
(37,46)
(44,46)
(28,47)
(28,47)
(28,47)
(48,49)
(28,49)
(48,50)
(28,51)
(50,51)
(52,53)
(52,54)
(53,55)
(55,56)
(54,57)
(56,57)
(52,58)
(58,58)
(59,60)
(58,61)
(59,61)
(60,62)
(53,62)
(49,63)
(63,64)
(64,65)
(65,66)
(66,67)
(63,67)
(48,68)
(68,69)
(64,69)
(28,70)
(28,70)
(40,71)
(38,71)
(72,73)
(73,74)
(28,74)
(75,76)
(72,76)
(72,76)
(74,77)
(75,77)
(28,77)
(70,78)
(78,79)
(28,79)
(28,80)
(80,81)
(78,81)
(82,83)
(83,84)
(80,84)
(82,85)
(81,86)
(85,86)
(28,87)
(28,87)
(28,87)
(28,88)
(28,89)
(88,89)
(68,90)
(69,91)
(91,92)
(92,93)
(90,93)
(50,94)
(90,94)
(95,96)
(44,96)
(25,96)
(95,97)
(97,98)
(44,99)
(98,99)
(28,100)
(100,101)
(100,101)
(100,101)
(100,102)
(100,103)
(102,104)
(103,105)
(105,105)
(104,106)
(105,106)
(28,107)
(107,108)
(28,108)
(109,110)
(109,111)
(112,113)
(111,113)
(110,114)
(112,114)
(115,116)
(115,117)
(118,119)
(117,120)
(119,120)
(116,121)
(118,121)
(115,122)
(122,123)
(122,123)
(124,125)
(116,125)
(124,126)
(123,126)
(127,128)
(127,129)
(128,129)
(115,130)
(130,131)
(131,132)
(123,132)
(130,133)
(117,134)
(133,134)
(133,135)
(135,136)
(130,136)
(137,138)
(138,139)
(139,140)
(137,140)
(138,141)
(141,142)
(137,142)
(143,144)
(144,145)
(143,146)
(145,146)
(147,148)
(148,149)
(149,150)
(12,150)
(150,151)
(147,151)
(124,152)
(152,153)
(125,154)
(121,154)
(153,154)
(155,156)
(156,157)
(143,157)
(157,158)
(158,159)
(155,160)
(159,160)
(156,161)
(152,162)
(161,162)
(153,163)
(155,163)
(144,164)
(161,164)
(165,166)
(166,167)
(147,167)
(165,168)
(168,169)
(167,169)
(162,170)
(165,170)
(166,171)
(126,171)
(119,172)
(118,172)
(28,173)
(28,174)
(173,174)
(173,174)
(175,176)
(176,177)
(177,178)
(175,178)
(102,179)
(88,179)
(180,181)
(181,182)
(180,183)
(183,184)
(182,184)
(185,186)
(186,187)
(187,188)
(188,189)
(185,189)
(186,190)
(190,191)
(185,192)
(191,193)
(192,193)
(194,195)
(196,197)
(194,197)
(195,198)
(198,199)
(196,199)
(194,200)
(200,201)
(195,201)
(202,203)
(203,204)
(202,204)
(203,205)
(205,206)
(86,206)
(202,206)
(207,208)
(28,208)
(205,209)
(207,209)
(208,210)
(204,210)
(28,210)
(211,212)
(212,213)
(213,214)
(211,214)
(211,215)
(215,216)
(72,216)
(216,217)
(217,218)
(175,218)
(212,219)
(218,219)
(28,220)
(103,220)
(104,221)
(221,222)
(179,222)
(223,224)
(225,226)
(223,226)
(224,227)
(228,229)
(229,230)
(230,231)
(222,231)
(225,232)
(231,232)
(228,233)
(227,233)
(234,235)
(225,235)
(234,236)
(223,236)
(224,237)
(237,238)
(235,238)
(226,239)
(239,240)
(240,241)
(239,241)
(240,242)
(234,242)
(242,243)
(241,243)
(236,243)
(84,244)
(28,244)
(244,245)
(238,245)
(245,246)
(246,247)
(28,247)
(108,248)
(248,249)
(249,250)
(250,251)
(108,251)
(200,252)
(252,253)
(253,254)
(200,254)
(89,255)
(255,256)
(28,256)
(103,257)
(257,258)
(94,258)
(181,258)
(259,260)
(181,260)
(105,261)
(259,261)
(262,263)
(263,264)
(28,264)
(262,265)
(28,265)
(173,265)
(266,267)
(83,267)
(267,267)
(267,267)
(237,267)
(266,268)
(82,268)
(269,270)
(269,271)
(270,272)
(272,273)
(273,274)
(271,274)
(28,275)
(275,276)
(276,277)
(28,278)
(277,278)
(252,279)
(201,279)
(252,280)
(280,281)
(279,281)
(282,283)
(283,284)
(284,285)
(282,286)
(285,286)
(287,288)
(28,288)
(287,289)
(288,290)
(28,290)
(290,291)
(289,291)
(292,293)
(292,294)
(294,295)
(293,296)
(295,296)
(195,297)
(297,298)
(298,299)
(297,300)
(198,300)
(299,301)
(300,301)
(271,301)
(28,302)
(302,303)
(303,304)
(304,305)
(28,305)
(306,307)
(306,308)
(308,309)
(307,310)
(309,310)
(294,310)
(311,312)
(312,313)
(313,314)
(311,314)
(315,316)
(315,317)
(317,318)
(316,318)
(319,320)
(321,322)
(319,322)
(320,323)
(284,323)
(323,324)
(324,325)
(321,325)
(319,326)
(326,327)
(320,328)
(328,329)
(327,329)
(330,331)
(321,331)
(331,332)
(330,333)
(332,333)
(330,334)
(334,335)
(322,335)
(315,335)
(336,337)
(327,337)
(336,338)
(326,338)
(298,339)
(201,340)
(297,340)
(340,341)
(339,341)
(299,342)
(269,342)
(339,343)
(342,344)
(343,344)
(197,345)
(254,345)
(345,346)
(196,346)
(346,347)
(347,348)
(348,349)
(345,349)
(348,350)
(348,351)
(351,352)
(350,352)
(347,353)
(350,353)
(354,355)
(355,356)
(354,357)
(356,357)
(355,358)
(358,359)
(359,360)
(360,361)
(358,361)
(65,362)
(7,362)
(362,363)
(362,363)
(363,364)
(362,364)
(364,365)
(91,365)
(365,366)
(7,366)
(359,367)
(354,367)
(275,368)
(368,369)
(369,370)
(276,370)
(368,371)
(302,371)
(336,372)
(372,373)
(337,373)
(342,374)
(373,374)
(270,375)
(372,376)
(375,377)
(376,377)
(301,378)
(378,379)
(300,379)
(328,380)
(284,380)
(329,381)
(380,381)
(343,381)
(341,382)
(279,382)
(382,383)
(381,383)
(285,383)
(374,384)
(329,384)
(344,384)
(253,385)
(385,386)
(386,387)
(387,388)
(385,388)
(351,389)
(389,390)
(349,390)
(325,391)
(391,392)
(283,392)
(324,392)
(390,393)
(390,394)
(386,394)
(394,395)
(387,395)
(393,395)
(389,396)
(393,396)
(386,397)
(349,397)
(254,397)
(385,397)
(391,398)
(332,398)
(278,398)
(371,399)
(399,400)
(400,401)
(369,401)
(399,402)
(402,403)
(400,403)
(402,404)
(303,404)
(404,405)
(304,405)
(405,406)
(312,406)
(311,407)
(403,407)
(305,408)
(408,409)
(409,410)
(406,410)
(408,411)
(287,412)
(411,412)
(411,413)
(409,414)
(413,414)
(289,415)
(415,416)
(412,416)
(272,417)
(375,417)
(378,418)
(379,419)
(418,419)
(274,420)
(378,420)
(420,421)
(418,421)
(273,422)
(421,422)
(417,423)
(422,424)
(423,424)
(307,425)
(425,426)
(423,426)
(306,426)
(425,427)
(427,428)
(375,428)
(429,430)
(429,431)
(282,431)
(430,432)
(433,434)
(398,434)
(28,434)
(432,435)
(433,435)
(429,436)
(280,436)
(430,437)
(436,437)
(280,438)
(437,438)
(388,438)
(253,438)
(356,439)
(439,440)
(440,441)
(441,442)
(439,442)
(281,443)
(382,443)
(443,444)
(285,444)
(431,445)
(444,445)
(286,445)
(432,446)
(387,446)
(447,448)
(448,449)
(449,450)
(447,450)
(141,450)
(451,452)
(452,453)
(451,454)
(261,454)
(454,455)
(453,455)
(451,456)
(456,457)
(457,458)
(452,458)
(167,459)
(459,460)
(460,461)
(461,462)
(459,462)
(127,462)
(463,464)
(447,464)
(463,465)
(159,465)
(464,466)
(465,466)
(142,466)
(136,467)
(135,468)
(467,468)
(120,469)
(469,470)
(468,471)
(471,472)
(134,472)
(135,472)
(471,473)
(470,473)
(170,474)
(161,474)
(168,474)
(439,475)
(475,476)
(440,476)
(352,477)
(396,477)
(441,477)
(352,478)
(442,478)
(357,478)
(479,480)
(480,481)
(479,481)
(479,482)
(482,483)
(483,484)
(480,485)
(484,485)
(482,486)
(479,487)
(486,487)
(486,488)
(483,488)
(486,489)
(489,490)
(490,491)
(488,491)
(490,492)
(489,493)
(493,494)
(494,495)
(492,495)
(491,496)
(484,496)
(496,497)
(492,497)
(187,498)
(28,498)
(190,499)
(498,499)
(188,500)
(28,500)
(41,501)
(42,502)
(501,502)
(58,503)
(54,504)
(503,504)
(362,505)
(362,505)
(362,505)
(506,507)
(506,508)
(507,508)
(28,509)
(507,509)
(510,511)
(507,511)
(28,512)
(512,513)
(510,513)
(509,514)
(514,515)
(28,515)
(514,516)
(511,516)
(506,517)
(516,517)
(508,517)
(35,518)
(510,518)
(518,519)
(515,519)
(469,520)
(520,521)
(470,521)
(129,522)
(459,522)
(522,523)
(148,523)
(523,524)
(524,525)
(522,525)
(149,526)
(524,526)
(136,527)
(131,527)
(527,528)
(132,528)
(467,528)
(60,529)
(59,530)
(530,531)
(531,532)
(532,533)
(529,533)
(448,534)
(447,535)
(463,535)
(535,536)
(534,537)
(536,537)
(139,538)
(521,538)
(35,539)
(539,540)
(521,540)
(141,541)
(539,541)
(28,542)
(542,543)
(73,543)
(28,543)
(542,544)
(215,544)
(263,545)
(519,545)
(262,545)
(34,546)
(518,546)
(546,547)
(264,547)
(33,547)
(548,549)
(549,550)
(551,552)
(552,553)
(548,553)
(233,553)
(550,554)
(551,554)
(250,554)
(555,556)
(28,556)
(95,557)
(557,558)
(555,558)
(26,559)
(559,560)
(45,560)
(71,560)
(28,561)
(561,562)
(562,563)
(561,564)
(563,564)
(565,566)
(565,567)
(566,568)
(564,568)
(568,569)
(567,569)
(562,570)
(28,570)
(570,571)
(571,572)
(563,572)
(30,573)
(559,574)
(574,575)
(575,576)
(573,576)
(555,577)
(577,578)
(556,578)
(571,579)
(578,579)
(28,579)
(39,580)
(19,580)
(502,580)
(176,581)
(581,582)
(582,583)
(217,583)
(97,584)
(557,584)
(584,585)
(98,586)
(585,586)
(581,587)
(177,587)
(587,588)
(582,588)
(109,589)
(110,589)
(266,590)
(590,591)
(227,591)
(548,591)
(220,592)
(257,592)
(28,593)
(51,593)
(592,593)
(549,594)
(590,594)
(171,595)
(460,595)
(460,595)
(550,596)
(251,596)
(28,596)
(596,597)
(28,597)
(28,597)
(594,598)
(268,598)
(598,599)
(597,599)
(85,599)
(316,600)
(600,601)
(601,602)
(334,602)
(376,603)
(603,604)
(338,604)
(198,605)
(419,605)
(379,605)
(605,606)
(199,606)
(606,607)
(353,607)
(367,607)
(360,608)
(608,609)
(609,610)
(610,611)
(424,611)
(608,612)
(361,612)
(609,613)
(502,613)
(612,614)
(614,615)
(501,615)
(613,615)
(610,616)
(613,616)
(611,617)
(617,618)
(19,618)
(618,619)
(616,619)
(580,619)
(355,620)
(356,621)
(475,621)
(620,621)
(358,622)
(620,622)
(361,623)
(622,623)
(623,624)
(501,624)
(614,624)
(61,625)
(503,626)
(626,627)
(625,627)
(538,628)
(140,628)
(119,628)
(520,628)
(471,629)
(629,630)
(467,630)
(629,631)
(473,631)
(540,632)
(631,632)
(632,633)
(510,633)
(630,634)
(461,634)
(633,634)
(635,636)
(636,637)
(635,637)
(636,638)
(228,638)
(635,639)
(639,640)
(229,641)
(230,641)
(640,641)
(640,641)
(642,643)
(643,644)
(644,645)
(642,645)
(642,646)
(646,647)
(643,647)
(28,648)
(433,648)
(28,649)
(648,649)
(648,649)
(435,650)
(28,650)
(189,651)
(651,652)
(650,652)
(500,652)
(651,653)
(653,654)
(114,654)
(446,655)
(654,655)
(221,656)
(637,656)
(639,656)
(106,657)
(657,658)
(638,658)
(659,660)
(621,660)
(659,661)
(624,661)
(661,662)
(662,663)
(620,663)
(660,663)
(565,664)
(566,665)
(665,666)
(664,666)
(659,667)
(574,667)
(660,668)
(667,668)
(664,669)
(2,669)
(669,670)
(46,670)
(567,670)
(291,671)
(415,671)
(28,671)
(672,673)
(672,674)
(513,674)
(673,674)
(66,675)
(675,676)
(65,676)
(675,677)
(672,677)
(676,678)
(673,678)
(28,679)
(679,680)
(415,680)
(679,681)
(680,681)
(28,682)
(681,682)
(564,682)
(665,683)
(683,684)
(682,684)
(306,685)
(611,685)
(677,686)
(67,686)
(512,686)
(683,687)
(687,688)
(3,688)
(666,688)
(684,689)
(416,689)
(689,690)
(308,690)
(687,691)
(685,691)
(617,691)
(690,692)
(309,692)
(692,693)
(413,693)
(427,694)
(310,694)
(292,694)
(499,695)
(28,695)
(75,695)
(191,696)
(217,696)
(207,697)
(697,698)
(28,698)
(293,699)
(428,699)
(294,700)
(700,701)
(693,701)
(701,702)
(414,702)
(702,703)
(410,703)
(700,704)
(703,704)
(295,705)
(704,705)
(699,706)
(296,706)
(377,706)
(706,707)
(603,707)
(296,708)
(707,708)
(705,709)
(703,709)
(313,709)
(314,710)
(710,711)
(708,711)
(62,712)
(712,713)
(495,713)
(529,713)
(55,714)
(712,714)
(710,715)
(407,715)
(711,716)
(716,717)
(715,717)
(600,717)
(604,718)
(317,718)
(718,719)
(716,719)
(318,719)
(600,720)
(715,720)
(400,720)
(601,721)
(401,721)
(721,722)
(602,723)
(722,723)
(333,723)
(370,724)
(277,724)
(722,724)
(452,725)
(725,726)
(453,726)
(456,727)
(657,727)
(259,728)
(457,728)
(727,729)
(729,730)
(260,730)
(728,731)
(458,731)
(731,732)
(725,732)
(732,733)
(726,733)
(455,733)
(56,734)
(658,734)
(714,735)
(729,735)
(28,736)
(28,737)
(736,737)
(28,738)
(736,738)
(737,738)
(232,739)
(246,739)
(255,739)
(625,740)
(740,740)
(530,741)
(740,742)
(741,742)
(362,743)
(6,743)
(743,744)
(678,744)
(461,744)
(531,745)
(741,746)
(746,747)
(193,747)
(745,748)
(747,748)
(645,749)
(745,749)
(644,750)
(750,751)
(751,752)
(532,753)
(752,753)
(749,754)
(754,755)
(646,755)
(755,756)
(647,756)
(750,756)
(751,757)
(754,757)
(758,759)
(107,759)
(758,760)
(759,760)
(558,761)
(585,761)
(572,762)
(569,762)
(577,762)
(670,763)
(99,763)
(742,764)
(764,765)
(178,765)
(219,765)
(213,766)
(740,766)
(764,767)
(746,767)
(588,768)
(583,768)
(767,769)
(696,769)
(768,769)
(758,770)
(248,770)
(760,770)
(759,771)
(771,772)
(627,772)
(626,773)
(249,773)
(589,774)
(774,775)
(111,775)
(113,776)
(775,776)
(776,777)
(774,777)
(653,778)
(778,779)
(192,779)
(777,780)
(778,780)
(780,781)
(8,782)
(782,783)
(782,784)
(781,784)
(783,785)
(779,785)
(748,785)
(781,786)
(112,786)
(28,787)
(28,787)
(28,787)
(28,788)
(67,788)
(67,788)
(752,789)
(4,789)
(783,790)
(757,790)
(757,790)
(209,791)
(79,791)
(57,792)
(792,793)
(552,793)
(504,794)
(773,794)
(551,794)
(792,795)
(793,795)
(734,795)
(573,796)
(31,796)
(256,797)
(247,797)
(28,797)
(450,798)
(541,798)
(10,798)
(449,799)
(11,799)
(800,801)
(526,801)
(801,802)
(800,802)
(13,803)
(526,803)
(803,804)
(14,804)
(800,805)
(804,805)
(172,806)
(163,806)
(806,807)
(140,807)
(494,808)
(481,808)
(808,809)
(487,809)
(493,809)
(485,810)
(735,810)
(810,811)
(730,811)
(497,812)
(812,813)
(811,813)
(93,813)
(92,814)
(92,814)
(814,815)
(812,815)
(815,816)
(816,817)
(753,817)
(817,818)
(366,818)
(789,818)
(763,819)
(586,819)
(761,819)
(623,820)
(622,820)
(662,820)
(475,821)
(668,821)
(821,822)
(476,822)
(575,822)
(576,823)
(823,824)
(476,824)
(825,826)
(826,827)
(827,828)
(825,828)
(183,828)
(826,829)
(182,829)
(825,830)
(183,830)
(830,831)
(829,831)
(184,831)
(90,832)
(827,832)
(180,832)
(823,833)
(833,834)
(834,835)
(824,835)
(393,835)
(655,836)
(834,836)
(395,836)
(15,837)
(151,837)
(145,837)
(802,838)
(128,838)
(525,838)
(839,840)
(840,841)
(839,842)
(841,842)
(28,843)
(843,844)
(844,845)
(845,846)
(843,846)
(698,847)
(844,847)
(847,848)
(840,848)
(697,848)
(839,849)
(844,849)
(846,850)
(791,850)
(850,851)
(841,851)
(845,851)
(842,852)
(849,852)
(845,852)
(796,853)
(853,854)
(853,854)
(854,855)
(784,855)
(9,856)
(805,856)
(853,856)
(855,857)
(833,857)
(786,857)
(816,858)
(533,858)
(815,858)
(799,859)
(534,859)
(544,860)
(28,860)
(766,861)
(772,861)
(766,861)
(214,862)
(860,862)
(771,862)
(164,863)
(837,863)
(169,863)
(158,864)
(146,864)
(536,865)
(17,865)
(864,865)
(466,866)
(160,866)
(807,866)
(137,866)
(859,867)
(537,867)
(867,868)
(16,868)
(536,868)
