vertices: 553
edges: 1420
(0,4)
(0,285)
(0,323)
(0,378)
(1,2)
(399,2)
(1,366)
(1,503)
(1,399)
(1,478)
(1,489)
(410,3)
(3,412)
(3,413)
(3,512)
(3,457)
(3,525)
(3,528)
(3,529)
(4,285)
(4,222)
(4,323)
(5,7)
(5,8)
(5,9)
(5,10)
(5,213)
(5,214)
(5,219)
(6,7)
(6,9)
(7,9)
(485,473)
(474,485)
(85,86)
(16,17)
(459,460)
(359,357)
(7,213)
(8,10)
(8,219)
(8,406)
(8,512)
(9,10)
(9,474)
(10,474)
(10,472)
(10,486)
(10,512)
(13,11)
(11,14)
(11,23)
(12,13)
(222,13)
(12,23)
(12,429)
(12,186)
(435,12)
(13,284)
(284,285)
(13,285)
(14,214)
(14,430)
(14,284)
(14,380)
(15,81)
(82,15)
(82,81)
(16,21)
(16,504)
(16,31)
(16,287)
(288,16)
(19,18)
(18,187)
(18,333)
(18,354)
(18,402)
(18,404)
(19,187)
(187,188)
(19,203)
(19,257)
(364,19)
(19,332)
(19,333)
(21,504)
(21,20)
(20,117)
(20,300)
(20,301)
(20,504)
(21,31)
(21,30)
(21,117)
(22,25)
(82,22)
(23,429)
(23,430)
(24,207)
(24,209)
(209,359)
(309,24)
(24,310)
(309,310)
(24,359)
(24,389)
(359,389)
(25,82)
(25,401)
(25,471)
(82,495)
(26,82)
(82,401)
(26,87)
(26,314)
(26,495)
(26,400)
(26,401)
(26,481)
(27,28)
(28,29)
(27,29)
(27,58)
(27,80)
(27,362)
(30,31)
(30,117)
(30,424)
(30,425)
(30,443)
(31,288)
(31,442)
(32,213)
(214,32)
(214,213)
(32,224)
(32,225)
(32,380)
(32,427)
(58,69)
(34,33)
(33,35)
(34,35)
(34,58)
(34,69)
(34,70)
(34,83)
(83,84)
(34,275)
(34,352)
(36,552)
(385,36)
(36,549)
(37,228)
(37,392)
(37,394)
(37,462)
(37,395)
(545,37)
(39,38)
(38,43)
(38,55)
(38,169)
(38,261)
(38,513)
(38,516)
(39,42)
(39,41)
(42,41)
(39,49)
(39,513)
(39,54)
(39,515)
(489,40)
(40,490)
(40,514)
(42,43)
(42,204)
(42,234)
(42,515)
(43,44)
(43,169)
(43,518)
(44,518)
(44,168)
(204,44)
(45,46)
(45,206)
(45,260)
(45,524)
(46,206)
(46,511)
(46,520)
(52,47)
(47,508)
(47,509)
(47,529)
(48,198)
(48,200)
(48,412)
(412,457)
(48,457)
(48,530)
(54,49)
(49,51)
(49,513)
(516,513)
(516,49)
(51,50)
(50,52)
(52,509)
(50,509)
(50,510)
(50,522)
(50,523)
(51,52)
(51,54)
(51,170)
(51,516)
(51,522)
(52,508)
(52,517)
(53,54)
(53,233)
(198,530)
(53,492)
(53,517)
(53,530)
(54,170)
(54,492)
(54,233)
(54,515)
(55,415)
(55,516)
(56,85)
(56,539)
(56,540)
(539,540)
(57,223)
(57,226)
(57,383)
(57,453)
(58,70)
(58,362)
(442,59)
(59,443)
(59,487)
(59,497)
(59,498)
(60,61)
(60,184)
(60,185)
(60,325)
(391,60)
(61,184)
(61,309)
(61,391)
(61,455)
(61,538)
(62,63)
(108,62)
(62,258)
(62,109)
(62,240)
(62,245)
(63,258)
(63,94)
(63,259)
(65,64)
(64,66)
(64,481)
(65,66)
(65,401)
(401,481)
(65,481)
(66,311)
(311,459)
(66,401)
(66,467)
(66,459)
(66,481)
(459,481)
(68,67)
(67,381)
(67,500)
(67,551)
(68,551)
(207,68)
(309,207)
(309,68)
(68,223)
(223,453)
(68,381)
(68,453)
(69,230)
(69,231)
(70,275)
(70,276)
(70,362)
(71,72)
(71,74)
(71,360)
(71,229)
(71,267)
(71,277)
(71,276)
(276,362)
(71,361)
(71,362)
(71,405)
(71,550)
(72,74)
(74,361)
(72,76)
(72,360)
(72,229)
(72,314)
(72,361)
(74,360)
(74,73)
(73,75)
(73,360)
(74,75)
(74,76)
(75,76)
(75,360)
(76,360)
(314,495)
(77,495)
(77,314)
(361,314)
(77,361)
(77,407)
(77,531)
(78,385)
(78,387)
(78,507)
(78,454)
(78,549)
(79,94)
(79,158)
(79,172)
(79,258)
(80,362)
(80,407)
(80,422)
(83,231)
(83,288)
(288,442)
(83,442)
(83,351)
(83,443)
(83,352)
(83,353)
(85,210)
(85,211)
(85,474)
(85,461)
(539,461)
(85,539)
(229,87)
(314,87)
(313,312)
(314,313)
(229,314)
(87,280)
(400,87)
(122,88)
(88,123)
(88,149)
(88,153)
(88,152)
(88,445)
(120,89)
(89,119)
(89,344)
(89,346)
(89,347)
(90,94)
(94,127)
(90,158)
(90,160)
(90,246)
(156,91)
(91,239)
(91,248)
(91,348)
(91,349)
(92,146)
(146,289)
(92,148)
(92,289)
(290,289)
(92,290)
(92,291)
(93,315)
(93,316)
(93,320)
(93,321)
(329,93)
(259,109)
(95,105)
(95,106)
(95,109)
(109,241)
(95,123)
(95,124)
(123,445)
(96,120)
(96,142)
(96,144)
(96,145)
(146,96)
(155,97)
(97,304)
(97,307)
(97,308)
(97,317)
(316,317)
(143,98)
(98,331)
(98,329)
(98,334)
(99,237)
(99,337)
(99,338)
(339,99)
(100,101)
(100,103)
(100,337)
(100,125)
(239,125)
(239,100)
(100,133)
(100,137)
(101,337)
(101,104)
(101,125)
(101,126)
(101,130)
(103,102)
(103,137)
(102,137)
(102,345)
(102,347)
(103,345)
(237,103)
(103,337)
(237,337)
(104,121)
(104,130)
(104,238)
(104,337)
(105,106)
(127,259)
(105,259)
(105,127)
(105,128)
(106,123)
(122,123)
(106,128)
(106,129)
(106,244)
(108,258)
(447,258)
(107,108)
(108,245)
(107,245)
(111,107)
(107,132)
(107,447)
(110,111)
(110,132)
(110,174)
(110,449)
(111,245)
(111,449)
(118,112)
(112,253)
(112,449)
(112,451)
(118,254)
(113,118)
(113,243)
(113,249)
(113,255)
(117,365)
(366,114)
(114,115)
(115,116)
(114,116)
(117,116)
(114,117)
(117,424)
(114,424)
(114,503)
(118,243)
(118,449)
(119,120)
(119,140)
(119,343)
(119,344)
(120,140)
(120,142)
(121,238)
(121,122)
(121,130)
(122,129)
(122,130)
(122,149)
(122,238)
(122,322)
(122,327)
(124,445)
(124,150)
(241,124)
(125,126)
(248,125)
(126,244)
(248,126)
(128,244)
(127,128)
(127,246)
(128,247)
(128,248)
(247,248)
(129,130)
(244,130)
(244,129)
(172,171)
(131,138)
(131,139)
(131,161)
(131,171)
(174,132)
(132,135)
(136,132)
(133,137)
(133,156)
(156,239)
(239,133)
(134,135)
(134,136)
(136,139)
(134,139)
(139,448)
(134,546)
(135,174)
(135,547)
(136,138)
(136,447)
(447,172)
(138,172)
(137,156)
(137,347)
(347,346)
(140,142)
(140,141)
(140,341)
(140,343)
(141,142)
(141,143)
(141,446)
(142,143)
(142,144)
(143,144)
(145,144)
(143,145)
(143,331)
(143,334)
(143,446)
(145,146)
(145,147)
(145,318)
(145,331)
(146,147)
(146,148)
(146,306)
(147,306)
(147,318)
(147,548)
(148,291)
(148,305)
(306,148)
(149,153)
(149,154)
(150,151)
(150,242)
(150,243)
(152,445)
(151,445)
(151,152)
(151,243)
(152,153)
(152,243)
(153,154)
(153,243)
(153,299)
(155,308)
(154,155)
(154,299)
(155,299)
(154,308)
(154,315)
(154,322)
(156,157)
(156,160)
(156,348)
(156,161)
(156,270)
(156,346)
(346,270)
(156,272)
(156,273)
(157,160)
(160,162)
(157,161)
(157,162)
(158,162)
(161,162)
(161,171)
(158,171)
(324,451)
(173,159)
(159,547)
(159,175)
(159,451)
(160,246)
(246,247)
(160,247)
(247,349)
(160,348)
(160,349)
(349,348)
(161,272)
(161,448)
(163,205)
(163,488)
(163,410)
(511,163)
(511,409)
(165,164)
(164,350)
(164,352)
(353,352)
(164,353)
(164,535)
(165,352)
(351,165)
(165,532)
(165,533)
(198,233)
(166,233)
(166,515)
(489,166)
(490,166)
(489,490)
(167,491)
(511,491)
(167,510)
(510,523)
(167,511)
(167,523)
(511,520)
(168,201)
(168,202)
(168,263)
(169,261)
(169,197)
(263,202)
(202,169)
(169,518)
(202,518)
(169,264)
(169,493)
(170,492)
(517,170)
(517,492)
(173,324)
(173,433)
(173,547)
(174,175)
(174,547)
(175,547)
(175,449)
(175,451)
(451,449)
(177,176)
(176,417)
(176,420)
(177,178)
(177,179)
(177,183)
(177,417)
(418,177)
(178,179)
(178,420)
(178,421)
(179,180)
(179,183)
(180,421)
(181,180)
(180,182)
(180,183)
(181,182)
(181,421)
(181,416)
(181,417)
(181,484)
(182,183)
(418,183)
(182,418)
(182,484)
(184,185)
(185,388)
(184,309)
(184,388)
(185,325)
(185,326)
(186,429)
(186,435)
(186,543)
(187,257)
(187,402)
(187,506)
(189,366)
(189,367)
(366,367)
(193,190)
(190,195)
(190,196)
(191,192)
(191,193)
(191,194)
(191,196)
(191,396)
(302,191)
(191,519)
(192,193)
(192,194)
(192,461)
(193,194)
(196,194)
(193,195)
(193,196)
(195,196)
(486,408)
(194,408)
(194,211)
(194,461)
(197,261)
(197,262)
(197,493)
(490,514)
(198,490)
(198,199)
(198,200)
(199,200)
(199,458)
(199,514)
(200,412)
(200,458)
(201,204)
(204,234)
(201,234)
(234,515)
(201,515)
(203,332)
(203,364)
(203,368)
(203,369)
(203,483)
(203,484)
(205,488)
(205,491)
(510,491)
(205,510)
(205,526)
(205,527)
(206,260)
(206,262)
(408,512)
(408,206)
(206,493)
(206,409)
(206,512)
(494,208)
(207,208)
(207,209)
(208,209)
(207,494)
(207,551)
(210,211)
(211,461)
(461,210)
(472,486)
(211,486)
(211,472)
(211,474)
(474,472)
(212,232)
(212,236)
(212,402)
(212,405)
(212,550)
(405,550)
(212,454)
(212,507)
(507,454)
(213,220)
(213,377)
(213,224)
(213,375)
(213,426)
(214,219)
(214,429)
(214,430)
(429,430)
(217,297)
(215,217)
(215,218)
(215,297)
(215,379)
(216,282)
(216,286)
(216,298)
(298,379)
(216,379)
(216,426)
(217,218)
(217,221)
(218,221)
(218,376)
(218,379)
(219,406)
(219,429)
(219,438)
(219,439)
(219,479)
(220,426)
(220,376)
(220,377)
(221,376)
(376,377)
(221,377)
(222,435)
(222,450)
(544,435)
(223,226)
(223,227)
(223,384)
(223,456)
(224,225)
(375,224)
(225,375)
(225,427)
(225,428)
(226,227)
(383,226)
(227,383)
(227,384)
(228,392)
(228,395)
(229,280)
(232,229)
(229,550)
(232,550)
(230,231)
(231,288)
(230,287)
(288,287)
(230,288)
(232,236)
(232,280)
(233,515)
(233,521)
(515,521)
(236,454)
(549,454)
(549,235)
(235,236)
(235,541)
(481,541)
(236,280)
(400,280)
(236,400)
(236,481)
(481,400)
(237,339)
(237,341)
(237,342)
(237,345)
(238,327)
(238,336)
(238,337)
(240,241)
(243,242)
(241,242)
(240,243)
(245,240)
(243,245)
(449,245)
(243,449)
(243,249)
(243,250)
(243,251)
(243,252)
(243,299)
(249,250)
(256,249)
(250,251)
(544,543)
(250,256)
(250,542)
(543,542)
(250,543)
(251,252)
(251,544)
(252,452)
(323,252)
(323,450)
(252,450)
(252,544)
(544,450)
(253,254)
(253,324)
(432,324)
(253,437)
(254,255)
(254,436)
(255,256)
(255,434)
(256,431)
(429,542)
(256,542)
(257,364)
(257,506)
(257,387)
(257,501)
(260,262)
(260,415)
(261,415)
(261,262)
(263,264)
(263,265)
(515,263)
(264,265)
(493,264)
(408,493)
(493,265)
(408,265)
(408,519)
(265,515)
(515,519)
(265,519)
(267,266)
(266,275)
(266,278)
(267,275)
(267,405)
(267,278)
(276,267)
(267,277)
(276,277)
(276,279)
(267,279)
(268,269)
(268,374)
(369,268)
(268,370)
(269,370)
(269,373)
(269,374)
(270,271)
(270,273)
(271,273)
(273,274)
(271,274)
(272,273)
(273,326)
(391,325)
(272,325)
(272,326)
(325,326)
(272,391)
(272,395)
(545,395)
(272,448)
(272,545)
(275,276)
(275,278)
(276,278)
(275,352)
(275,354)
(275,405)
(281,283)
(432,437)
(281,429)
(429,431)
(281,431)
(281,436)
(437,436)
(281,437)
(282,286)
(282,298)
(282,303)
(282,378)
(283,429)
(429,438)
(283,432)
(283,438)
(286,378)
(284,378)
(286,284)
(284,380)
(286,426)
(290,291)
(294,291)
(294,290)
(293,292)
(292,302)
(302,519)
(292,519)
(301,300)
(293,300)
(365,300)
(293,301)
(293,302)
(293,365)
(293,519)
(296,294)
(294,295)
(294,305)
(295,296)
(305,295)
(296,297)
(296,305)
(298,297)
(298,303)
(298,304)
(298,305)
(299,304)
(299,452)
(301,302)
(396,301)
(302,396)
(303,304)
(303,323)
(378,323)
(378,303)
(304,305)
(306,305)
(304,306)
(304,307)
(304,323)
(304,452)
(323,452)
(306,307)
(317,307)
(306,317)
(306,548)
(308,315)
(308,316)
(315,316)
(309,388)
(388,389)
(309,389)
(309,455)
(309,456)
(311,467)
(311,466)
(311,468)
(315,321)
(315,322)
(317,320)
(317,319)
(317,548)
(319,548)
(318,548)
(318,319)
(318,331)
(319,320)
(319,330)
(320,329)
(320,330)
(321,322)
(321,328)
(322,327)
(327,328)
(327,336)
(328,329)
(336,328)
(329,330)
(330,331)
(329,331)
(329,334)
(329,335)
(329,336)
(332,333)
(332,417)
(417,484)
(332,484)
(333,354)
(333,417)
(334,335)
(334,446)
(335,336)
(335,339)
(335,340)
(340,339)
(336,337)
(337,338)
(336,338)
(336,339)
(339,338)
(340,341)
(446,340)
(446,341)
(341,342)
(341,343)
(342,343)
(342,345)
(347,342)
(347,345)
(343,344)
(347,344)
(347,343)
(350,533)
(350,534)
(350,535)
(351,352)
(352,354)
(351,353)
(351,532)
(351,354)
(351,419)
(443,351)
(353,532)
(533,532)
(353,533)
(533,534)
(353,534)
(534,535)
(353,535)
(354,404)
(405,354)
(354,417)
(354,419)
(355,356)
(355,357)
(355,358)
(356,357)
(356,358)
(357,358)
(361,362)
(361,407)
(407,362)
(364,501)
(364,363)
(364,368)
(364,381)
(364,382)
(365,366)
(366,489)
(365,489)
(365,519)
(489,519)
(368,369)
(368,382)
(368,455)
(538,455)
(368,536)
(368,538)
(369,370)
(369,536)
(369,374)
(369,371)
(369,399)
(369,483)
(369,502)
(370,536)
(370,371)
(370,373)
(371,373)
(373,374)
(371,374)
(371,399)
(371,536)
(385,372)
(385,552)
(372,386)
(387,372)
(375,426)
(375,428)
(376,379)
(379,426)
(376,426)
(380,426)
(380,427)
(381,382)
(381,383)
(383,453)
(381,453)
(381,500)
(381,501)
(382,383)
(455,382)
(383,384)
(384,456)
(383,455)
(455,456)
(383,456)
(385,386)
(387,385)
(387,386)
(387,552)
(387,500)
(387,501)
(387,506)
(387,507)
(392,395)
(392,390)
(392,462)
(394,462)
(390,462)
(390,394)
(390,395)
(391,395)
(393,391)
(391,538)
(394,395)
(393,395)
(394,393)
(399,478)
(393,399)
(393,478)
(393,480)
(393,536)
(393,538)
(536,538)
(394,480)
(545,394)
(396,397)
(396,398)
(397,398)
(396,504)
(396,505)
(504,505)
(399,502)
(399,503)
(399,536)
(536,537)
(399,537)
(401,467)
(401,471)
(404,402)
(402,403)
(405,402)
(402,506)
(506,507)
(402,507)
(403,404)
(405,403)
(405,404)
(406,479)
(406,512)
(407,422)
(407,531)
(422,531)
(409,410)
(512,409)
(410,512)
(410,488)
(410,525)
(411,414)
(458,414)
(411,458)
(411,489)
(412,413)
(412,414)
(413,414)
(413,512)
(414,489)
(414,512)
(415,516)
(516,522)
(415,522)
(415,524)
(416,417)
(417,420)
(416,420)
(420,421)
(416,421)
(417,418)
(417,419)
(418,419)
(443,419)
(418,484)
(425,418)
(443,418)
(443,425)
(423,424)
(423,425)
(424,425)
(425,484)
(424,482)
(424,483)
(483,502)
(424,502)
(424,503)
(502,503)
(426,427)
(427,428)
(426,428)
(431,434)
(436,434)
(436,431)
(432,433)
(432,438)
(433,438)
(439,433)
(439,438)
(479,439)
(439,444)
(439,547)
(440,441)
(440,443)
(440,487)
(440,496)
(496,487)
(441,443)
(443,498)
(441,496)
(496,497)
(441,497)
(441,498)
(497,498)
(442,443)
(443,487)
(442,487)
(444,479)
(444,545)
(444,546)
(444,547)
(546,547)
(448,545)
(545,546)
(448,546)
(457,529)
(530,457)
(508,529)
(458,489)
(489,514)
(458,514)
(465,463)
(463,467)
(463,470)
(463,475)
(468,471)
(464,468)
(464,476)
(469,464)
(464,471)
(466,468)
(465,468)
(466,465)
(465,467)
(466,467)
(465,470)
(465,476)
(469,471)
(467,471)
(467,469)
(467,475)
(469,475)
(470,475)
(476,470)
(476,475)
(479,512)
(478,477)
(479,477)
(478,479)
(478,480)
(478,489)
(512,489)
(512,478)
(479,480)
(479,545)
(545,480)
(482,483)
(484,483)
(484,482)
(488,525)
(488,526)
(494,551)
(552,494)
(499,500)
(500,501)
(499,501)
(500,551)
(552,551)
(552,500)
(508,517)
(508,530)
(517,530)
(509,510)
(529,509)
(510,528)
(529,528)
(529,510)
(520,523)
(523,522)
(524,522)
(520,524)
(525,526)
(526,527)
(525,527)
(528,525)
(528,527)
