vertices: 886
edges: 1430
(0,1)
(0,1)
(2,3)
(3,4)
(4,5)
(2,5)
(2,6)
(6,7)
(3,7)
(8,9)
(9,10)
(8,10)
(11,12)
(12,13)
(13,14)
(14,15)
(11,16)
(16,16)
(16,16)
(16,17)
(9,18)
(15,18)
(8,19)
(17,19)
(20,21)
(22,23)
(20,23)
(22,24)
(21,25)
(24,25)
(26,27)
(21,27)
(26,28)
(28,29)
(20,29)
(22,30)
(30,31)
(31,32)
(33,34)
(23,34)
(29,34)
(32,35)
(33,35)
(30,36)
(24,36)
(37,38)
(37,38)
(38,39)
(39,40)
(40,41)
(41,42)
(42,43)
(43,44)
(44,45)
(37,45)
(46,47)
(48,49)
(47,50)
(48,50)
(49,51)
(51,52)
(46,52)
(53,54)
(53,55)
(14,55)
(55,56)
(56,57)
(54,58)
(58,59)
(57,59)
(60,61)
(60,62)
(62,63)
(50,63)
(61,63)
(47,64)
(62,64)
(41,64)
(41,65)
(42,65)
(65,66)
(66,67)
(46,67)
(12,68)
(13,68)
(53,68)
(49,69)
(69,70)
(69,71)
(11,71)
(54,72)
(70,72)
(60,73)
(73,74)
(59,75)
(74,75)
(75,76)
(61,76)
(48,77)
(70,77)
(78,79)
(39,79)
(56,79)
(78,80)
(37,80)
(73,81)
(64,81)
(81,82)
(74,82)
(78,83)
(15,83)
(51,84)
(84,85)
(85,86)
(86,87)
(87,88)
(16,88)
(88,89)
(84,90)
(90,91)
(89,92)
(91,92)
(87,93)
(71,93)
(93,94)
(85,94)
(86,94)
(95,96)
(96,97)
(97,98)
(98,99)
(99,100)
(100,101)
(95,101)
(102,103)
(102,103)
(102,104)
(103,104)
(105,106)
(102,106)
(105,107)
(107,108)
(106,108)
(109,110)
(110,111)
(109,112)
(113,114)
(112,114)
(113,115)
(111,115)
(116,117)
(103,117)
(116,118)
(118,119)
(117,119)
(110,120)
(111,120)
(109,121)
(121,122)
(6,123)
(123,124)
(120,124)
(122,125)
(123,125)
(126,127)
(127,128)
(126,128)
(126,128)
(127,128)
(127,129)
(103,129)
(129,130)
(127,130)
(129,131)
(127,131)
(127,132)
(130,132)
(127,132)
(133,134)
(134,135)
(135,136)
(136,137)
(133,137)
(138,139)
(138,140)
(139,141)
(140,141)
(142,143)
(142,144)
(144,145)
(143,146)
(146,147)
(145,148)
(147,148)
(149,150)
(151,152)
(149,152)
(150,153)
(151,153)
(150,154)
(154,155)
(154,156)
(153,156)
(156,157)
(155,158)
(158,159)
(159,160)
(157,160)
(161,162)
(161,163)
(149,163)
(155,164)
(162,164)
(151,165)
(165,166)
(139,166)
(138,167)
(161,167)
(167,168)
(152,168)
(163,168)
(165,169)
(169,170)
(166,171)
(141,171)
(170,171)
(172,173)
(172,174)
(173,174)
(45,175)
(140,175)
(175,176)
(162,176)
(170,177)
(80,177)
(177,178)
(173,178)
(172,179)
(83,180)
(179,180)
(169,181)
(157,181)
(181,182)
(178,182)
(40,183)
(82,183)
(57,183)
(58,184)
(76,184)
(184,185)
(77,185)
(72,185)
(43,186)
(66,186)
(187,188)
(187,189)
(189,190)
(188,191)
(190,191)
(187,192)
(192,193)
(188,193)
(194,195)
(196,197)
(196,198)
(195,198)
(194,199)
(197,200)
(200,201)
(199,201)
(202,203)
(194,203)
(203,204)
(204,205)
(202,205)
(202,206)
(195,206)
(207,208)
(207,209)
(208,210)
(209,210)
(205,211)
(207,212)
(212,213)
(211,213)
(204,214)
(208,214)
(215,216)
(206,216)
(211,217)
(217,218)
(215,218)
(219,220)
(220,220)
(219,221)
(220,221)
(220,222)
(221,222)
(220,222)
(220,223)
(219,223)
(219,224)
(223,224)
(219,225)
(224,225)
(226,227)
(27,227)
(26,228)
(226,228)
(101,228)
(96,229)
(230,231)
(230,232)
(228,232)
(95,232)
(229,233)
(231,233)
(234,235)
(226,236)
(234,236)
(100,236)
(237,238)
(227,238)
(235,239)
(239,240)
(237,240)
(97,241)
(241,242)
(229,243)
(243,244)
(242,245)
(244,245)
(98,246)
(99,246)
(234,246)
(241,247)
(235,247)
(230,248)
(231,249)
(248,249)
(28,250)
(248,250)
(247,251)
(242,251)
(252,253)
(252,254)
(254,255)
(255,256)
(253,256)
(121,257)
(257,258)
(258,259)
(112,259)
(257,260)
(260,261)
(122,262)
(261,262)
(263,264)
(264,265)
(263,266)
(216,266)
(265,266)
(264,267)
(263,268)
(268,269)
(267,270)
(269,270)
(271,272)
(270,272)
(134,272)
(143,272)
(179,272)
(103,272)
(271,273)
(273,274)
(275,276)
(274,276)
(275,277)
(272,277)
(278,279)
(278,280)
(280,281)
(281,282)
(282,283)
(283,284)
(279,284)
(285,286)
(281,286)
(285,287)
(286,288)
(288,289)
(274,289)
(276,290)
(289,290)
(290,291)
(287,291)
(292,293)
(292,294)
(294,295)
(293,296)
(295,296)
(297,298)
(298,299)
(299,300)
(293,300)
(301,302)
(297,302)
(301,303)
(303,304)
(292,304)
(220,305)
(305,306)
(220,306)
(220,307)
(220,307)
(307,308)
(308,309)
(305,310)
(309,310)
(311,312)
(312,313)
(313,314)
(311,314)
(308,315)
(220,315)
(315,316)
(312,316)
(309,316)
(311,317)
(220,317)
(310,318)
(313,318)
(306,318)
(319,320)
(320,321)
(321,322)
(319,323)
(322,324)
(323,324)
(212,325)
(326,327)
(325,328)
(328,329)
(326,329)
(327,330)
(213,330)
(190,330)
(331,332)
(325,332)
(331,333)
(207,333)
(334,335)
(253,336)
(336,337)
(334,337)
(335,338)
(336,338)
(334,339)
(327,339)
(326,340)
(335,340)
(320,341)
(319,342)
(341,342)
(343,344)
(344,345)
(192,345)
(345,346)
(347,348)
(348,349)
(343,349)
(347,350)
(346,350)
(344,351)
(193,351)
(343,351)
(352,353)
(352,354)
(353,355)
(354,355)
(220,356)
(356,357)
(272,357)
(272,357)
(272,358)
(314,358)
(220,359)
(358,360)
(359,360)
(272,361)
(361,362)
(362,363)
(272,364)
(363,364)
(10,365)
(361,365)
(365,366)
(272,366)
(272,367)
(272,367)
(272,368)
(272,368)
(367,369)
(369,370)
(370,371)
(272,371)
(369,372)
(372,373)
(373,374)
(370,374)
(272,375)
(375,376)
(376,377)
(377,378)
(378,379)
(375,379)
(224,380)
(380,381)
(381,382)
(380,383)
(382,383)
(380,384)
(381,384)
(380,385)
(385,386)
(384,386)
(387,388)
(388,389)
(387,389)
(380,390)
(380,390)
(390,391)
(380,391)
(392,393)
(392,393)
(17,394)
(260,394)
(89,395)
(258,395)
(90,396)
(397,398)
(398,399)
(52,399)
(397,400)
(396,400)
(401,402)
(396,402)
(401,403)
(91,403)
(398,404)
(402,404)
(397,405)
(404,405)
(400,405)
(401,406)
(399,406)
(407,408)
(5,409)
(322,409)
(409,410)
(410,411)
(408,411)
(4,412)
(407,412)
(272,412)
(272,413)
(407,413)
(407,413)
(272,414)
(272,414)
(414,415)
(408,415)
(272,415)
(356,416)
(357,416)
(220,417)
(142,417)
(417,418)
(418,419)
(419,420)
(416,420)
(272,420)
(314,421)
(421,422)
(220,422)
(332,423)
(331,424)
(424,425)
(423,425)
(186,426)
(426,427)
(44,428)
(176,428)
(427,428)
(429,430)
(426,430)
(430,431)
(429,432)
(432,433)
(147,433)
(431,433)
(429,434)
(434,435)
(158,435)
(435,436)
(427,436)
(164,436)
(431,437)
(67,437)
(2,438)
(321,438)
(438,439)
(439,440)
(124,440)
(115,440)
(337,441)
(441,442)
(442,443)
(441,444)
(339,444)
(443,445)
(444,445)
(328,446)
(423,446)
(442,447)
(443,447)
(252,448)
(448,449)
(449,450)
(447,450)
(347,450)
(113,451)
(451,452)
(452,453)
(453,454)
(114,455)
(35,455)
(455,456)
(454,456)
(189,457)
(457,458)
(346,458)
(459,460)
(272,460)
(278,461)
(459,461)
(272,462)
(460,462)
(462,463)
(279,463)
(459,464)
(272,464)
(297,465)
(298,465)
(272,465)
(272,466)
(297,466)
(466,467)
(465,467)
(272,467)
(461,468)
(464,468)
(468,469)
(299,469)
(280,470)
(469,470)
(285,470)
(463,471)
(471,472)
(269,472)
(272,472)
(366,473)
(18,473)
(272,474)
(272,474)
(474,475)
(473,475)
(439,476)
(451,476)
(476,477)
(341,477)
(477,478)
(478,479)
(452,479)
(480,481)
(481,482)
(482,483)
(480,484)
(425,484)
(483,485)
(485,486)
(486,487)
(484,487)
(488,489)
(424,489)
(488,490)
(333,490)
(491,492)
(491,493)
(340,493)
(493,494)
(338,494)
(492,495)
(495,496)
(494,496)
(256,496)
(446,497)
(497,498)
(329,498)
(491,498)
(342,499)
(448,499)
(449,500)
(348,500)
(500,501)
(349,501)
(323,501)
(489,502)
(480,502)
(502,503)
(488,503)
(481,504)
(479,504)
(503,505)
(504,505)
(453,505)
(499,506)
(506,507)
(478,507)
(492,508)
(508,509)
(497,509)
(507,510)
(482,510)
(510,511)
(511,512)
(512,513)
(483,513)
(508,513)
(506,514)
(511,514)
(254,514)
(457,515)
(515,516)
(458,516)
(233,517)
(490,517)
(517,518)
(243,518)
(209,518)
(255,519)
(512,519)
(495,519)
(445,520)
(515,520)
(520,521)
(516,521)
(350,521)
(454,522)
(249,522)
(485,523)
(486,523)
(523,524)
(487,524)
(509,524)
(525,526)
(525,527)
(527,528)
(528,529)
(526,529)
(272,530)
(272,530)
(525,531)
(272,531)
(531,532)
(532,533)
(526,534)
(533,534)
(527,535)
(376,535)
(528,536)
(536,537)
(537,538)
(535,538)
(529,539)
(534,539)
(539,540)
(536,540)
(532,541)
(272,541)
(530,542)
(541,542)
(542,543)
(533,543)
(272,543)
(538,544)
(272,544)
(272,545)
(537,545)
(377,546)
(546,547)
(544,547)
(272,548)
(540,548)
(545,548)
(144,549)
(418,549)
(145,549)
(550,551)
(551,552)
(552,553)
(553,554)
(272,554)
(554,555)
(550,555)
(159,556)
(272,556)
(556,557)
(557,558)
(558,559)
(272,560)
(559,560)
(551,561)
(0,561)
(550,562)
(1,562)
(158,563)
(557,564)
(563,564)
(563,565)
(435,565)
(0,566)
(561,566)
(566,567)
(565,567)
(552,568)
(567,568)
(160,569)
(182,569)
(174,569)
(563,570)
(0,570)
(558,571)
(564,571)
(571,572)
(570,572)
(573,574)
(559,574)
(572,575)
(573,575)
(553,576)
(576,577)
(272,577)
(19,578)
(394,578)
(362,578)
(117,579)
(103,579)
(103,580)
(580,581)
(581,582)
(272,582)
(272,582)
(582,583)
(583,584)
(584,585)
(103,585)
(583,586)
(586,587)
(579,587)
(103,587)
(116,588)
(584,588)
(103,589)
(589,590)
(589,590)
(580,590)
(586,591)
(590,591)
(581,591)
(592,593)
(593,594)
(592,594)
(273,594)
(272,595)
(595,596)
(593,596)
(271,596)
(597,598)
(595,598)
(411,598)
(597,599)
(592,599)
(287,600)
(600,601)
(300,601)
(288,602)
(273,602)
(282,602)
(275,603)
(291,603)
(196,604)
(604,605)
(197,605)
(606,607)
(606,608)
(604,608)
(607,609)
(605,610)
(610,611)
(371,611)
(609,612)
(272,612)
(611,613)
(272,613)
(612,613)
(606,614)
(265,614)
(607,615)
(267,615)
(608,616)
(614,616)
(198,616)
(609,617)
(615,618)
(617,618)
(272,618)
(215,619)
(268,619)
(385,620)
(390,620)
(386,621)
(620,622)
(621,622)
(388,623)
(388,623)
(621,623)
(387,624)
(382,624)
(380,625)
(383,625)
(129,626)
(129,626)
(129,627)
(626,627)
(103,628)
(628,629)
(129,629)
(627,629)
(622,630)
(389,630)
(391,630)
(129,631)
(628,631)
(628,631)
(628,632)
(103,632)
(393,633)
(633,634)
(392,634)
(353,635)
(635,636)
(411,636)
(597,637)
(635,638)
(355,638)
(637,638)
(636,639)
(410,639)
(639,640)
(324,640)
(635,641)
(640,641)
(641,642)
(351,642)
(352,642)
(643,644)
(191,644)
(217,644)
(599,645)
(193,645)
(599,646)
(643,646)
(283,646)
(575,647)
(647,648)
(648,649)
(649,650)
(647,650)
(651,652)
(133,652)
(651,653)
(652,654)
(21,654)
(653,655)
(238,655)
(654,655)
(651,656)
(653,656)
(656,657)
(272,657)
(272,657)
(272,658)
(658,659)
(656,659)
(658,660)
(272,660)
(660,661)
(661,662)
(653,662)
(659,662)
(220,663)
(318,663)
(663,664)
(360,664)
(359,664)
(135,665)
(136,666)
(666,667)
(665,667)
(665,668)
(272,668)
(395,669)
(669,670)
(31,670)
(92,671)
(670,671)
(669,672)
(32,672)
(259,672)
(552,673)
(576,673)
(568,674)
(673,674)
(567,675)
(674,675)
(675,676)
(434,676)
(574,677)
(560,677)
(677,678)
(678,679)
(650,679)
(573,679)
(363,680)
(261,681)
(680,681)
(682,683)
(683,684)
(685,686)
(682,686)
(272,687)
(685,687)
(684,688)
(688,689)
(272,689)
(690,691)
(691,692)
(692,693)
(693,694)
(690,694)
(219,695)
(225,695)
(380,696)
(696,697)
(695,697)
(695,698)
(380,698)
(691,699)
(699,700)
(690,701)
(700,701)
(702,703)
(699,704)
(702,704)
(692,705)
(703,705)
(693,706)
(706,707)
(707,708)
(708,709)
(694,709)
(696,710)
(702,710)
(710,711)
(380,711)
(703,712)
(697,712)
(713,714)
(704,714)
(713,715)
(380,715)
(715,716)
(624,716)
(700,716)
(714,717)
(711,717)
(713,717)
(694,718)
(701,718)
(625,718)
(33,719)
(250,719)
(218,720)
(643,720)
(676,721)
(721,722)
(675,723)
(722,723)
(721,724)
(146,724)
(432,724)
(722,725)
(272,725)
(272,725)
(723,726)
(722,726)
(726,727)
(577,727)
(708,728)
(728,729)
(728,730)
(709,730)
(380,730)
(380,731)
(729,731)
(729,731)
(456,732)
(719,732)
(522,732)
(272,733)
(272,733)
(661,734)
(733,734)
(30,735)
(735,736)
(666,736)
(736,737)
(737,738)
(403,738)
(738,739)
(735,739)
(671,739)
(137,740)
(25,740)
(36,740)
(741,742)
(742,743)
(743,744)
(741,745)
(737,745)
(744,745)
(746,747)
(742,747)
(741,748)
(667,748)
(748,749)
(419,749)
(148,750)
(746,750)
(747,751)
(747,751)
(743,751)
(744,752)
(746,752)
(406,753)
(752,753)
(754,755)
(755,756)
(272,756)
(754,757)
(689,757)
(756,758)
(757,758)
(272,758)
(272,759)
(272,760)
(759,760)
(761,762)
(761,763)
(763,764)
(764,765)
(762,766)
(765,766)
(755,767)
(767,768)
(364,768)
(272,769)
(767,769)
(767,769)
(688,770)
(754,770)
(770,771)
(768,771)
(761,772)
(685,772)
(772,773)
(762,773)
(683,774)
(774,775)
(682,776)
(775,776)
(237,777)
(734,777)
(684,778)
(774,778)
(686,779)
(763,779)
(687,780)
(773,780)
(759,780)
(125,781)
(272,781)
(781,782)
(760,783)
(766,783)
(782,783)
(778,784)
(771,784)
(784,785)
(775,785)
(776,786)
(785,786)
(786,787)
(787,788)
(680,788)
(779,789)
(787,789)
(764,789)
(705,790)
(706,790)
(712,790)
(712,791)
(707,791)
(728,792)
(792,793)
(729,793)
(380,793)
(698,794)
(791,794)
(792,794)
(262,795)
(681,795)
(795,796)
(782,796)
(105,797)
(104,797)
(119,797)
(668,798)
(749,798)
(272,798)
(727,799)
(727,799)
(272,800)
(727,800)
(799,800)
(118,801)
(588,801)
(272,802)
(7,802)
(272,802)
(645,803)
(637,803)
(354,803)
(129,804)
(129,804)
(131,804)
(277,805)
(603,806)
(600,806)
(806,807)
(805,807)
(808,809)
(302,809)
(272,809)
(301,810)
(808,810)
(294,811)
(811,812)
(272,813)
(812,813)
(813,814)
(811,814)
(805,815)
(812,815)
(272,815)
(811,816)
(805,816)
(295,816)
(272,817)
(808,817)
(814,818)
(304,818)
(817,818)
(303,819)
(810,819)
(818,819)
(379,820)
(368,820)
(372,820)
(378,821)
(373,821)
(214,822)
(210,822)
(199,822)
(601,823)
(296,823)
(807,823)
(824,825)
(200,825)
(825,826)
(610,826)
(824,827)
(374,827)
(826,827)
(828,829)
(821,829)
(824,829)
(546,830)
(828,830)
(201,831)
(828,831)
(831,832)
(244,832)
(833,834)
(834,835)
(833,836)
(832,836)
(835,837)
(836,837)
(830,838)
(833,838)
(838,839)
(633,839)
(839,840)
(834,840)
(393,841)
(547,841)
(842,843)
(843,844)
(844,845)
(845,846)
(842,846)
(843,847)
(239,847)
(634,847)
(840,848)
(842,848)
(251,849)
(844,849)
(849,850)
(245,850)
(835,851)
(846,851)
(848,851)
(845,852)
(837,852)
(850,852)
(841,853)
(853,854)
(240,854)
(585,855)
(103,855)
(855,856)
(632,856)
(801,857)
(107,858)
(858,859)
(857,860)
(859,860)
(856,861)
(857,861)
(859,862)
(862,863)
(103,863)
(858,863)
(861,864)
(862,864)
(860,864)
(863,865)
(103,865)
(108,865)
(475,866)
(272,867)
(866,867)
(866,868)
(180,868)
(867,869)
(272,869)
(868,869)
(437,870)
(437,870)
(870,871)
(750,871)
(753,871)
(853,872)
(272,872)
(854,873)
(777,873)
(872,873)
(220,874)
(220,874)
(422,874)
(220,875)
(421,875)
(875,876)
(317,876)
(220,877)
(876,877)
(876,877)
(788,878)
(796,878)
(765,878)
(677,879)
(555,879)
(879,880)
(678,881)
(880,881)
(649,881)
(562,882)
(648,882)
(880,882)
(720,883)
(284,883)
(883,884)
(619,884)
(471,884)
(272,885)
(272,885)
(617,885)
