vertices: 546
edges: 1430
(0,231)
(0,526)
(2,1)
(1,408)
(1,138)
(1,150)
(2,149)
(2,407)
(2,408)
(4,3)
(3,168)
(3,242)
(4,15)
(4,16)
(4,22)
(4,24)
(4,28)
(125,126)
(125,140)
(4,125)
(4,168)
(4,479)
(4,242)
(4,243)
(6,5)
(5,7)
(5,329)
(5,8)
(5,362)
(5,378)
(75,6)
(6,364)
(6,82)
(6,328)
(6,329)
(7,8)
(7,545)
(7,305)
(7,328)
(7,329)
(328,329)
(7,340)
(7,341)
(8,347)
(8,378)
(9,11)
(11,19)
(9,19)
(9,55)
(9,61)
(9,57)
(9,62)
(9,145)
(9,516)
(9,521)
(10,14)
(10,18)
(10,21)
(10,59)
(10,26)
(10,130)
(10,489)
(12,15)
(12,22)
(24,22)
(12,24)
(12,55)
(12,56)
(12,58)
(12,530)
(13,17)
(13,20)
(13,21)
(21,59)
(13,59)
(14,21)
(21,20)
(14,61)
(14,57)
(57,62)
(14,62)
(14,148)
(14,489)
(15,16)
(16,22)
(15,22)
(26,18)
(15,18)
(15,26)
(15,28)
(15,56)
(15,60)
(17,20)
(17,23)
(58,530)
(17,530)
(17,58)
(17,59)
(18,59)
(18,60)
(19,24)
(19,55)
(24,55)
(19,52)
(19,521)
(20,23)
(20,61)
(23,61)
(23,530)
(24,52)
(24,479)
(26,130)
(25,26)
(25,29)
(25,27)
(25,28)
(125,28)
(25,125)
(25,130)
(25,131)
(25,303)
(25,544)
(28,27)
(26,28)
(26,27)
(26,29)
(27,29)
(76,30)
(30,78)
(30,79)
(30,81)
(30,269)
(30,136)
(30,137)
(32,31)
(31,492)
(32,396)
(32,483)
(33,396)
(396,492)
(33,470)
(33,491)
(33,492)
(34,36)
(34,40)
(34,85)
(34,155)
(34,340)
(34,205)
(34,206)
(247,35)
(483,244)
(35,405)
(35,470)
(35,483)
(36,40)
(40,206)
(36,85)
(36,86)
(149,407)
(36,149)
(36,206)
(36,395)
(36,407)
(39,37)
(37,274)
(37,486)
(39,486)
(39,274)
(275,484)
(280,278)
(38,275)
(38,485)
(38,416)
(38,484)
(39,275)
(275,485)
(39,485)
(41,292)
(41,302)
(41,301)
(41,347)
(41,362)
(47,42)
(42,50)
(42,494)
(42,521)
(43,143)
(43,227)
(43,228)
(43,333)
(43,336)
(43,349)
(488,43)
(46,44)
(44,47)
(44,493)
(44,51)
(44,53)
(46,51)
(45,46)
(45,51)
(53,51)
(45,53)
(45,517)
(232,45)
(45,235)
(45,519)
(46,50)
(46,127)
(46,493)
(46,517)
(46,518)
(47,53)
(47,48)
(47,494)
(47,50)
(50,127)
(47,127)
(47,493)
(127,493)
(48,53)
(48,54)
(48,494)
(494,521)
(48,521)
(49,52)
(49,235)
(49,520)
(516,521)
(50,521)
(50,516)
(50,518)
(54,521)
(52,521)
(52,54)
(52,520)
(52,235)
(52,479)
(52,482)
(53,54)
(53,519)
(54,519)
(54,520)
(55,61)
(61,530)
(55,530)
(56,58)
(59,58)
(56,59)
(59,60)
(56,60)
(62,145)
(62,148)
(63,64)
(63,156)
(63,202)
(63,289)
(63,331)
(64,156)
(64,152)
(289,64)
(67,65)
(65,262)
(65,266)
(65,468)
(65,438)
(65,450)
(65,449)
(65,453)
(66,67)
(67,438)
(66,438)
(66,69)
(70,66)
(67,70)
(67,468)
(68,69)
(68,200)
(68,439)
(453,68)
(69,70)
(69,104)
(69,103)
(69,331)
(69,438)
(69,439)
(70,268)
(70,468)
(70,331)
(70,330)
(532,70)
(71,72)
(95,313)
(71,73)
(73,314)
(71,313)
(71,314)
(313,314)
(72,73)
(72,317)
(73,74)
(73,317)
(74,316)
(74,318)
(77,75)
(75,364)
(75,82)
(75,136)
(137,136)
(76,78)
(76,80)
(76,82)
(82,137)
(76,137)
(76,190)
(199,76)
(79,77)
(77,136)
(77,269)
(136,269)
(77,363)
(77,364)
(77,459)
(77,463)
(77,498)
(78,79)
(78,83)
(78,190)
(78,453)
(78,460)
(78,467)
(79,81)
(269,81)
(79,269)
(79,83)
(79,459)
(80,82)
(80,199)
(80,377)
(82,328)
(82,377)
(83,459)
(83,460)
(154,84)
(84,184)
(84,194)
(84,195)
(84,201)
(85,86)
(85,125)
(85,304)
(85,340)
(86,125)
(86,311)
(86,395)
(86,404)
(87,88)
(87,264)
(87,268)
(268,468)
(87,468)
(88,264)
(88,268)
(88,535)
(88,539)
(88,541)
(89,254)
(541,539)
(292,302)
(143,333)
(235,482)
(245,246)
(89,255)
(89,256)
(89,258)
(89,259)
(89,419)
(89,423)
(90,157)
(90,161)
(90,251)
(90,257)
(90,421)
(90,533)
(90,534)
(91,251)
(251,257)
(91,253)
(91,257)
(256,91)
(256,259)
(258,259)
(91,259)
(91,258)
(91,426)
(93,92)
(92,431)
(92,432)
(92,444)
(92,445)
(93,159)
(93,167)
(93,253)
(93,444)
(93,420)
(93,428)
(93,429)
(93,430)
(93,431)
(94,96)
(94,101)
(297,94)
(95,96)
(95,98)
(96,98)
(96,99)
(96,101)
(96,124)
(100,97)
(97,124)
(97,299)
(97,506)
(98,99)
(98,100)
(99,100)
(100,124)
(99,124)
(100,506)
(100,509)
(101,124)
(124,299)
(297,101)
(102,107)
(102,174)
(102,150)
(102,178)
(102,284)
(102,288)
(103,104)
(103,106)
(103,153)
(103,177)
(103,186)
(103,202)
(103,331)
(202,331)
(104,144)
(104,153)
(104,175)
(104,200)
(106,105)
(154,201)
(105,154)
(105,179)
(105,193)
(105,201)
(106,179)
(106,202)
(106,186)
(106,193)
(107,174)
(107,178)
(107,181)
(108,109)
(108,152)
(152,156)
(108,156)
(108,189)
(108,192)
(108,288)
(108,197)
(108,204)
(109,152)
(152,412)
(109,288)
(286,110)
(110,412)
(110,413)
(110,414)
(111,141)
(111,142)
(111,441)
(442,441)
(111,143)
(143,299)
(111,298)
(111,299)
(111,300)
(112,113)
(112,242)
(112,311)
(112,358)
(112,374)
(168,242)
(113,242)
(168,113)
(113,170)
(114,116)
(114,437)
(115,436)
(437,115)
(116,437)
(116,117)
(116,452)
(542,116)
(437,117)
(435,117)
(117,451)
(117,452)
(436,213)
(118,213)
(118,221)
(118,448)
(118,435)
(436,118)
(317,318)
(119,129)
(119,272)
(119,273)
(119,536)
(120,129)
(272,129)
(120,270)
(120,271)
(272,120)
(121,272)
(121,281)
(495,121)
(122,128)
(270,128)
(122,279)
(495,122)
(123,282)
(463,123)
(125,243)
(125,311)
(125,303)
(125,304)
(130,131)
(130,132)
(130,133)
(130,489)
(130,134)
(130,135)
(131,133)
(131,135)
(131,353)
(131,544)
(132,133)
(133,135)
(132,134)
(132,135)
(135,134)
(133,353)
(133,489)
(138,139)
(138,150)
(150,284)
(138,284)
(138,287)
(138,504)
(138,408)
(138,500)
(500,408)
(139,500)
(500,501)
(139,501)
(139,502)
(502,503)
(139,503)
(139,504)
(503,504)
(141,142)
(142,442)
(141,143)
(143,227)
(141,227)
(141,349)
(141,440)
(141,442)
(442,440)
(143,506)
(143,508)
(143,511)
(144,153)
(144,175)
(144,198)
(144,226)
(145,148)
(145,147)
(145,516)
(516,518)
(145,518)
(147,146)
(147,148)
(146,148)
(146,335)
(146,336)
(488,336)
(146,488)
(147,335)
(147,309)
(233,517)
(147,517)
(147,518)
(517,518)
(148,488)
(148,489)
(149,150)
(174,150)
(149,174)
(149,205)
(206,149)
(206,205)
(154,179)
(154,151)
(151,171)
(151,179)
(179,202)
(151,197)
(151,202)
(153,177)
(153,226)
(154,171)
(197,171)
(154,184)
(154,178)
(154,189)
(154,197)
(189,197)
(155,205)
(172,155)
(155,433)
(155,199)
(155,340)
(340,341)
(155,341)
(155,342)
(202,156)
(156,185)
(156,204)
(157,158)
(158,165)
(157,161)
(157,164)
(165,162)
(157,165)
(157,162)
(157,534)
(158,164)
(158,167)
(159,160)
(167,159)
(167,166)
(428,163)
(428,160)
(160,163)
(160,166)
(163,166)
(161,164)
(164,167)
(161,167)
(167,253)
(161,251)
(161,253)
(251,253)
(162,534)
(162,535)
(535,541)
(162,541)
(168,170)
(168,479)
(169,170)
(169,478)
(170,478)
(479,170)
(174,205)
(172,205)
(174,172)
(174,181)
(172,181)
(172,191)
(172,433)
(180,173)
(173,191)
(173,183)
(173,198)
(226,198)
(173,207)
(173,208)
(173,209)
(173,226)
(175,188)
(175,198)
(175,199)
(200,175)
(182,176)
(176,186)
(186,193)
(176,193)
(201,193)
(176,196)
(176,195)
(176,201)
(195,201)
(177,226)
(177,182)
(177,186)
(182,186)
(178,181)
(184,178)
(178,189)
(192,189)
(178,192)
(288,192)
(178,288)
(188,198)
(180,198)
(188,180)
(199,188)
(180,191)
(191,433)
(180,199)
(180,433)
(199,433)
(181,184)
(181,187)
(181,191)
(182,196)
(182,207)
(182,226)
(187,191)
(183,191)
(183,187)
(183,194)
(183,196)
(183,207)
(196,207)
(184,187)
(187,194)
(184,194)
(185,202)
(185,203)
(185,204)
(190,199)
(199,200)
(190,200)
(453,190)
(453,200)
(194,195)
(194,196)
(195,196)
(197,202)
(202,203)
(197,203)
(203,204)
(197,204)
(199,342)
(199,377)
(207,208)
(208,209)
(207,209)
(209,226)
(207,226)
(210,212)
(210,213)
(210,214)
(210,215)
(210,220)
(211,218)
(223,211)
(212,213)
(213,217)
(212,217)
(212,216)
(212,220)
(212,224)
(213,214)
(213,221)
(214,215)
(214,225)
(214,219)
(214,221)
(215,220)
(224,220)
(215,224)
(215,225)
(216,217)
(217,223)
(223,218)
(216,223)
(216,218)
(216,224)
(218,224)
(219,221)
(219,496)
(219,222)
(219,225)
(221,448)
(221,456)
(221,496)
(222,224)
(224,225)
(222,225)
(227,228)
(349,227)
(349,228)
(231,229)
(229,234)
(229,306)
(229,240)
(240,522)
(229,522)
(229,525)
(232,235)
(230,235)
(232,230)
(230,238)
(230,237)
(230,522)
(230,523)
(231,234)
(231,239)
(231,525)
(231,526)
(232,233)
(232,238)
(232,241)
(233,236)
(233,309)
(236,239)
(234,239)
(234,236)
(236,309)
(234,307)
(234,308)
(235,519)
(519,520)
(235,520)
(236,241)
(236,526)
(237,238)
(238,241)
(237,241)
(241,526)
(237,310)
(237,523)
(237,526)
(237,529)
(240,306)
(240,334)
(240,401)
(242,243)
(243,311)
(242,311)
(244,247)
(244,260)
(245,249)
(245,410)
(245,409)
(482,245)
(482,246)
(246,409)
(246,247)
(246,471)
(246,476)
(247,409)
(247,248)
(247,260)
(260,248)
(247,405)
(247,471)
(248,249)
(248,261)
(249,261)
(249,410)
(248,409)
(248,410)
(410,409)
(252,250)
(250,255)
(250,421)
(255,421)
(504,254)
(252,254)
(252,255)
(255,254)
(252,283)
(504,252)
(504,283)
(252,411)
(252,421)
(253,426)
(253,443)
(253,444)
(256,257)
(256,421)
(421,257)
(258,419)
(258,426)
(262,266)
(262,263)
(262,450)
(263,264)
(263,265)
(263,266)
(263,267)
(263,450)
(263,452)
(542,452)
(263,538)
(538,543)
(263,542)
(543,542)
(263,543)
(264,265)
(264,468)
(264,267)
(264,539)
(265,266)
(468,265)
(468,266)
(267,538)
(267,539)
(267,540)
(539,540)
(268,532)
(268,535)
(270,271)
(270,279)
(271,272)
(271,279)
(271,281)
(272,276)
(281,276)
(272,281)
(272,495)
(272,536)
(273,390)
(273,536)
(277,416)
(416,434)
(277,417)
(277,434)
(278,469)
(278,417)
(278,434)
(417,434)
(279,281)
(495,281)
(495,279)
(280,417)
(280,418)
(417,418)
(280,469)
(472,280)
(282,456)
(282,458)
(463,282)
(286,413)
(285,283)
(283,287)
(283,411)
(283,413)
(414,413)
(283,414)
(285,287)
(284,287)
(284,285)
(284,288)
(285,286)
(285,288)
(286,288)
(288,412)
(286,412)
(289,330)
(289,331)
(331,330)
(289,411)
(289,412)
(289,421)
(289,533)
(533,421)
(526,529)
(526,290)
(290,528)
(290,527)
(290,529)
(292,291)
(292,362)
(291,293)
(291,362)
(364,362)
(291,363)
(363,364)
(291,364)
(292,293)
(293,365)
(292,295)
(292,296)
(295,296)
(295,343)
(294,295)
(365,295)
(294,343)
(343,344)
(294,344)
(294,363)
(365,363)
(365,294)
(297,298)
(297,299)
(298,299)
(299,300)
(298,300)
(301,302)
(301,347)
(301,351)
(301,397)
(302,397)
(302,398)
(303,304)
(303,305)
(545,305)
(303,544)
(303,545)
(304,305)
(305,340)
(304,340)
(306,307)
(306,334)
(307,308)
(307,334)
(308,309)
(308,334)
(309,332)
(309,335)
(310,523)
(522,523)
(310,524)
(310,527)
(527,529)
(310,529)
(311,374)
(311,404)
(311,513)
(312,361)
(312,366)
(312,367)
(312,379)
(312,368)
(312,376)
(312,371)
(312,375)
(312,386)
(315,319)
(315,320)
(315,383)
(315,321)
(315,326)
(316,317)
(316,318)
(317,322)
(317,323)
(317,388)
(318,388)
(318,391)
(319,320)
(319,324)
(319,326)
(319,536)
(323,320)
(320,324)
(320,327)
(320,383)
(320,384)
(321,383)
(321,385)
(321,392)
(321,389)
(390,321)
(322,323)
(323,327)
(322,327)
(322,339)
(323,384)
(388,323)
(324,325)
(324,327)
(324,339)
(339,495)
(324,495)
(495,536)
(324,536)
(325,327)
(327,339)
(325,339)
(326,390)
(326,536)
(390,536)
(328,341)
(328,377)
(330,532)
(330,533)
(332,335)
(333,332)
(332,334)
(332,337)
(333,335)
(333,336)
(335,336)
(333,400)
(400,403)
(333,403)
(334,337)
(337,400)
(334,400)
(334,401)
(392,389)
(387,338)
(338,389)
(390,389)
(390,338)
(338,393)
(393,394)
(338,394)
(341,342)
(341,377)
(377,342)
(344,345)
(345,499)
(344,363)
(344,499)
(347,545)
(347,346)
(347,351)
(346,351)
(346,353)
(353,544)
(346,544)
(346,545)
(544,545)
(347,362)
(362,378)
(347,378)
(349,348)
(348,354)
(348,350)
(348,351)
(353,351)
(348,353)
(349,350)
(349,354)
(349,351)
(351,397)
(349,397)
(440,349)
(349,488)
(349,490)
(350,352)
(352,354)
(350,354)
(350,353)
(350,490)
(353,489)
(353,490)
(359,355)
(355,370)
(370,382)
(355,375)
(386,375)
(355,382)
(355,386)
(382,386)
(356,368)
(356,369)
(356,514)
(357,360)
(357,367)
(357,381)
(357,512)
(357,514)
(357,515)
(359,370)
(359,358)
(358,374)
(358,370)
(358,373)
(370,373)
(371,375)
(359,375)
(371,359)
(359,374)
(360,367)
(367,376)
(360,376)
(360,514)
(361,366)
(361,372)
(361,379)
(361,380)
(363,498)
(499,363)
(366,371)
(366,372)
(367,379)
(367,381)
(368,376)
(376,514)
(368,514)
(407,395)
(407,369)
(369,395)
(369,514)
(514,515)
(369,515)
(371,372)
(371,374)
(372,374)
(380,372)
(379,380)
(374,380)
(374,379)
(374,512)
(374,513)
(379,381)
(512,379)
(512,381)
(383,384)
(383,385)
(384,385)
(385,388)
(385,392)
(392,387)
(387,391)
(387,393)
(393,391)
(388,391)
(388,392)
(392,391)
(395,404)
(404,513)
(395,513)
(395,515)
(396,470)
(396,483)
(470,483)
(397,398)
(440,397)
(440,398)
(399,401)
(399,402)
(400,401)
(400,402)
(401,402)
(405,470)
(405,471)
(406,407)
(408,407)
(408,406)
(411,412)
(411,414)
(412,414)
(415,416)
(484,415)
(416,484)
(419,423)
(419,426)
(426,443)
(419,443)
(419,445)
(427,420)
(420,428)
(427,428)
(420,429)
(420,531)
(431,432)
(422,424)
(446,425)
(422,446)
(422,425)
(431,422)
(423,424)
(424,446)
(423,446)
(424,432)
(424,445)
(445,432)
(425,427)
(427,531)
(425,431)
(431,430)
(425,531)
(429,430)
(429,531)
(430,531)
(435,436)
(437,436)
(437,435)
(435,448)
(435,451)
(438,439)
(453,439)
(453,438)
(443,444)
(444,445)
(443,445)
(447,449)
(449,450)
(447,450)
(450,452)
(447,451)
(451,452)
(447,452)
(448,449)
(448,451)
(451,449)
(448,456)
(448,464)
(449,453)
(449,464)
(453,464)
(453,467)
(455,454)
(454,461)
(454,464)
(467,464)
(454,465)
(454,467)
(456,464)
(455,464)
(456,455)
(456,458)
(455,458)
(455,461)
(456,463)
(456,496)
(458,457)
(457,459)
(457,462)
(457,465)
(457,466)
(458,459)
(463,459)
(463,458)
(458,461)
(458,466)
(459,460)
(459,462)
(460,462)
(460,467)
(461,465)
(465,466)
(461,466)
(462,465)
(465,467)
(462,467)
(463,496)
(463,497)
(498,463)
(471,476)
(469,476)
(469,471)
(472,469)
(470,471)
(470,491)
(470,473)
(470,474)
(470,475)
(471,472)
(471,474)
(475,473)
(472,473)
(477,472)
(473,491)
(472,474)
(472,475)
(474,475)
(477,491)
(492,477)
(492,491)
(478,479)
(478,480)
(478,481)
(479,481)
(479,482)
(480,481)
(480,482)
(481,482)
(487,488)
(489,487)
(488,489)
(488,490)
(489,490)
(496,497)
(499,496)
(497,498)
(499,498)
(499,497)
(505,508)
(505,511)
(508,511)
(507,508)
(506,508)
(506,507)
(506,509)
(507,509)
(507,510)
(509,510)
(512,513)
(513,515)
(512,515)
(522,524)
(522,525)
(524,525)
(524,527)
(524,528)
(527,528)
(525,526)
(526,528)
(525,528)
(532,533)
(534,533)
(532,534)
(532,535)
(534,535)
(537,538)
(537,540)
(538,540)
